0 0,5138
1 0,393
2 0,369
3 0,500
4 0,478
5 0,272
6 0,260
7 0,278
8 0,256
9 0,251
10 0,275
11 0,254
12 0,341
13 0,274
14 0,282
15 0,249
16 0,257
17 0,269
18 0,260
19 0,256
20 0,262
21 0,254
22 0,398
23 0,478
24 0,459
25 0,468
26 0,510
27 0,481
28 0,475
29 0,494
30 0,534
31 0,470
32 0,491
33 0,500
34 0,479
35 0,489
36 0,490
37 0,488
38 0,509
39 0,481
40 0,480
41 0,465
42 0,494
43 0,132
44 0,118
45 0,112
46 0,111
47 0,126
48 0,112
49 0,113
50 0,130
51 0,112
52 0,212
53 0,135
54 0,130
55 0,117
56 0,121
57 0,114
58 0,111
59 0,112
60 0,304
61 0,217
62 0,199
63 0,183
64 0,183
65 0,198
66 0,190
67 0,196
68 0,174
69 0,137
70 0,143
71 0,306
72 0,189
73 0,161
74 0,163
75 0,176
76 0,165
77 0,163
78 0,172
79 0,177
80 0,181
81 0,168
82 0,161
83 0,154
84 0,124
85 0,109
86 0,96
87 0,97
88 0,95
89 0,108
90 0,2793
91 0,70
92 0,70
93 0,131
94 0,109
95 0,115
96 0,104
97 0,99
98 0,90
99 0,73
100 0,114
101 0,241
102 0,154
103 0,148
104 0,197
105 0,161
106 0,140
107 0,199
108 0,127
109 0,126
110 0,126
111 0,117
112 0,101
113 0,90
114 0,69
115 0,70
116 0,69
117 0,71
118 0,72
119 0,70
120 0,76
121 0,69
122 0,69
123 0,69
124 0,68
125 0,70
126 0,69
127 0,69
128 0,78
129 0,68
130 0,69
131 0,68
132 0,68
133 0,69
134 0,69
135 0,68
136 0,75
137 0,69
138 0,75
139 0,69
140 0,70
141 0,69
142 0,70
143 0,70
144 0,76
145 0,70
146 0,69
147 0,80
148 0,80
149 0,80
150 0,80
151 0,79
152 0,69
153 0,69
154 0,68
155 0,69
156 0,68
157 0,69
158 0,126
159 0,119
160 0,77
161 0,68
162 0,69
163 0,69
164 0,75
165 0,75
166 0,70
167 0,69
168 0,79
169 0,69
170 0,69
171 0,69
172 0,69
173 0,76
174 0,102
175 0,98
176 0,70
177 0,70
178 0,71
179 0,77
180 0,69
181 0,68
182 0,68
183 0,68
184 0,68
185 0,68
186 0,68
187 0,75
188 0,69
189 0,67
190 0,120
191 0,125
192 0,123
193 0,79
194 0,86
195 0,70
196 0,71
197 0,104
198 0,111
199 0,99
200 0,101
201 0,102
202 0,98
203 0,100
204 0,99
205 0,106
206 0,102
207 0,119
208 0,98
209 0,99
210 0,102
211 0,107
212 0,103
213 0,99
214 0,101
215 0,100
216 0,102
217 0,108
218 0,153
219 0,99
220 0,184
221 0,157
222 0,95
223 0,112
224 0,98
225 0,96
226 0,95
227 0,118
228 0,102
229 0,101
230 0,99
231 0,98
232 0,95
233 0,106
234 0,100
235 0,105
236 0,102
237 0,132
238 0,118
239 0,117
240 0,118
241 0,106
242 0,96
243 0,95
244 0,96
245 0,107
246 0,99
247 0,99
248 0,104
249 0,96
250 0,96
251 0,108
252 0,98
253 0,102
254 0,97
255 0,96
256 0,146
257 0,112
258 0,113
259 0,96
260 0,95
261 0,102
262 0,106
263 0,100
264 0,98
265 0,100
266 0,95
267 0,99
268 0,107
269 0,104
270 0,98
271 0,103
272 0,95
273 0,99
274 0,95
275 0,103
276 0,95
277 0,96
278 0,107
279 0,99
280 0,98
281 0,104
282 0,95
283 0,95
284 0,98
285 0,96
286 0,95
287 0,99
288 0,116
289 0,96
290 0,101
291 0,101
292 0,96
293 0,97
294 0,103
295 0,100
296 0,98
297 0,96
298 0,2337
299 0,88
300 0,81
301 0,69
302 0,112
303 0,76
304 0,70
305 0,69
306 0,69
307 0,69
308 0,81
309 0,67
310 0,67
311 0,67
312 0,68
313 0,68
314 0,68
315 0,68
316 0,76
317 0,97
318 0,104
319 0,113
320 0,130
321 0,76
322 0,71
323 0,69
324 0,69
325 0,70
326 0,74
327 0,69
328 0,79
329 0,69
330 0,69
331 0,69
332 0,69
333 0,69
334 0,69
335 0,69
336 0,77
337 0,68
338 0,77
339 0,67
340 0,68
341 0,68
342 0,68
343 0,68
344 0,74
345 0,67
346 0,68
347 0,67
348 0,69
349 0,67
350 0,68
351 0,67
352 0,75
353 0,68
354 0,68
355 0,68
356 0,69
357 0,68
358 0,70
359 0,68
360 0,68
361 0,76
362 0,69
363 0,69
364 0,69
365 0,69
366 0,69
367 0,75
368 0,76
369 0,69
370 0,69
371 0,69
372 0,70
373 0,69
374 0,69
375 0,69
376 0,69
377 0,75
378 0,69
379 0,68
380 0,68
381 0,68
382 0,68
383 0,68
384 0,67
385 0,74
386 0,69
387 0,68
388 0,69
389 0,67
390 0,174
391 0,93
392 0,96
393 0,98
394 0,92
395 0,96
396 0,97
397 0,89
398 0,103
399 0,100
400 0,91
401 0,111
402 0,99
403 0,88
404 0,78
405 0,74
406 0,78
407 0,69
408 0,79
409 0,69
410 0,81
411 0,75
412 0,101
413 0,140
414 0,95
415 0,107
416 0,97
417 0,96
418 0,97
419 0,71
420 0,68
421 0,68
422 0,67
423 0,86
424 0,68
425 0,68
426 0,77
427 0,69
428 0,84
429 0,70
430 0,68
431 0,77
432 0,68
433 0,69
434 0,73
435 0,67
436 0,67
437 0,68
438 0,67
439 0,76
440 0,68
441 0,69
442 0,69
443 0,69
444 0,68
445 0,68
446 0,68
447 0,76
448 0,68
449 0,76
450 0,76
451 0,76
452 0,76
453 0,77
454 0,83
455 0,82
456 0,90
457 0,75
458 0,73
459 0,70
460 0,68
461 0,75
462 0,68
463 0,75
464 0,69
465 0,68
466 0,68
467 0,69
468 0,68
469 0,69
470 0,68
471 0,75
472 0,68
473 0,69
474 0,68
475 0,68
476 0,68
477 0,69
478 0,68
479 0,77
480 0,74
481 0,69
482 0,69
483 0,70
484 0,69
485 0,69
486 0,69
487 0,76
488 0,68
489 0,69
490 0,73
491 0,69
492 0,69
493 0,69
494 0,68
495 0,74
496 0,67
497 0,68
498 0,67
499 0,69
500 0,67
501 0,68
502 0,68
503 0,75
504 0,67
505 0,67
506 0,67
507 0,68
508 0,67
509 0,69
510 0,67
511 0,74
512 0,67
513 0,68
514 0,67
515 0,67
516 0,67
517 0,67
518 0,67
519 0,92
520 0,105
521 0,101
522 0,95
523 0,96
524 0,103
525 0,101
526 0,116
527 0,103
528 0,105
529 0,115
530 0,110
531 0,108
532 0,116
533 0,119
534 0,109
535 0,116
536 0,114
537 0,123
538 0,124
539 0,135
540 0,121
541 0,120
542 0,115
543 0,130
544 0,128
545 0,134
546 0,121
547 0,122
548 0,121
549 0,129
550 0,129
551 0,116
552 0,126
553 0,124
554 0,126
555 0,119
556 0,117
557 0,120
558 0,125
559 0,112
560 0,129
561 0,118
562 0,111
563 0,110
564 0,112
565 0,121
566 0,108
567 0,111
568 0,114
569 0,106
570 0,123
571 0,123
572 0,127
573 0,115
574 0,107
575 0,107
576 0,108
577 0,113
578 0,105
579 0,99
580 0,116
581 0,100
582 0,106
583 0,99
584 0,106
585 0,99
586 0,100
587 0,96
588 0,102
589 0,101
590 0,117
591 0,95
592 0,97
593 0,96
594 0,105
595 0,106
596 0,100
597 0,105
598 0,98
599 0,99
600 0,111
601 0,95
602 0,94
603 0,105
604 0,98
605 0,102
606 0,94
607 0,95
608 0,101
609 0,95
610 0,114
611 0,101
612 0,97
613 0,98
614 0,99
615 0,96
616 0,110
617 0,96
618 0,98
619 0,99
620 0,107
621 0,95
622 0,106
623 0,96
624 0,98
625 0,95
626 0,95
627 0,96
628 0,106
629 0,101
630 0,106
631 0,97
632 0,95
633 0,98
634 0,101
635 0,104
636 0,97
637 0,99
638 0,98
639 0,101
640 0,107
641 0,99
642 0,102
643 0,95
644 0,102
645 0,96
646 0,96
647 0,98
648 0,109
649 0,96
650 0,110
651 0,95
652 0,94
653 0,95
654 0,97
655 0,105
656 0,104
657 0,97
658 0,96
659 0,95
660 0,105
661 0,114
662 0,99
663 0,101
664 0,95
665 0,95
666 0,99
667 0,98
668 0,109
669 0,97
670 0,103
671 0,102
672 0,98
673 0,98
674 0,102
675 0,96
676 0,95
677 0,98
678 0,99
679 0,97
680 0,102
681 0,109
682 0,96
683 0,96
684 0,100
685 0,97
686 0,102
687 0,101
688 0,98
689 0,96
690 0,101
691 0,106
692 0,97
693 0,96
694 0,104
695 0,98
696 0,95
697 0,95
698 0,96
699 0,96
700 0,102
701 0,110
702 0,98
703 0,94
704 0,95
705 0,99
706 0,104
707 0,101
708 0,99
709 0,96
710 0,95
711 0,106
712 0,98
713 0,108
714 0,96
715 0,97
716 0,97
717 0,97
718 0,100
719 0,96
720 0,107
721 0,107
722 0,96
723 0,111
724 0,95
725 0,96
726 0,110
727 0,100
728 0,106
729 0,149
730 0,115
731 0,117
732 0,109
733 0,98
734 0,100
735 0,109
736 0,105
737 0,102
738 0,114
739 0,101
740 0,109
741 0,116
742 0,104
743 0,100
744 0,106
745 0,109
746 0,106
747 0,99
748 0,105
749 0,103
750 0,99
751 0,120
752 0,108
753 0,112
754 0,105
755 0,101
756 0,101
757 0,123
758 0,122
759 0,119
760 0,105
761 0,110
762 0,119
763 0,113
764 0,136
765 0,105
766 0,103
767 0,106
768 0,118
769 0,144
770 0,109
771 0,161
772 0,128
773 0,109
774 0,137
775 0,108
776 0,119
777 0,128
778 0,112
779 0,116
780 0,128
781 0,127
782 0,110
783 0,107
784 0,108
785 0,140
786 0,119
787 0,100
788 0,108
789 0,107
790 0,125
791 0,148
792 0,106
793 0,108
794 0,104
795 0,100
796 0,112
797 0,113
798 0,100
799 0,102
800 0,107
801 0,112
802 0,108
803 0,109
804 0,103
805 0,101
806 0,100
807 0,102
808 0,109
809 0,107
810 0,101
811 0,110
812 0,109
813 0,111
814 0,110
815 0,105
816 0,110
817 0,101
818 0,101
819 0,109
820 0,101
821 0,103
822 0,117
823 0,101
824 0,106
825 0,117
826 0,105
827 0,108
828 0,101
829 0,108
830 0,107
831 0,108
832 0,111
833 0,104
834 0,100
835 0,112
836 0,110
837 0,104
838 0,102
839 0,116
840 0,104
841 0,106
842 0,122
843 0,114
844 0,106
845 0,118
846 0,112
847 0,109
848 0,115
849 0,114
850 0,120
851 0,112
852 0,120
853 0,113
854 0,120
855 0,117
856 0,115
857 0,108
858 0,123
859 0,102
860 0,105
861 0,118
862 0,114
863 0,118
864 0,111
865 0,106
866 0,113
867 0,112
868 0,104
869 0,104
870 0,108
871 0,105
872 0,174
873 0,170
874 0,139
875 0,144
876 0,191
877 0,178
878 0,181
879 0,174
880 0,180
881 0,196
882 0,207
883 0,175
884 0,176
885 0,171
886 0,188
887 0,185
888 0,170
889 0,172
890 0,195
891 0,173
892 0,202
893 0,200
894 0,150
895 0,146
896 0,122
897 0,127
898 0,129
899 0,117
900 0,120
901 0,118
902 0,199
903 0,209
904 0,184
905 0,177
906 0,184
907 0,192
908 0,184
909 0,197
910 0,198
911 0,225
912 0,192
913 0,164
914 0,177
915 0,190
916 0,185
917 0,193
918 0,200
919 0,313
920 0,148
921 0,109
922 0,134
923 0,115
924 0,132
925 0,122
926 0,122
927 0,116
928 0,121
929 0,115
930 0,124
931 0,116
932 0,136
933 0,120
934 0,122
935 0,112
936 0,118
937 0,139
938 0,114
939 0,128
940 0,124
941 0,123
942 0,136
943 0,146
944 0,131
945 0,134
946 0,133
947 0,141
948 0,146
949 0,136
950 0,194
951 0,168
952 0,2428
953 0,172
954 0,177
955 0,170
956 0,169
957 0,178
958 0,171
959 0,167
960 0,117
961 0,97
962 0,112
963 0,105
964 0,102
965 0,107
966 0,100
967 0,104
968 0,102
969 0,117
970 0,148
971 0,102
972 0,115
973 0,105
974 0,104
975 0,107
976 0,98
977 0,101
978 0,111
979 0,126
980 0,113
981 0,117
982 0,118
983 0,100
984 0,105
985 0,113
986 0,103
987 0,129
988 0,120
989 0,112
990 0,115
991 0,114
992 0,110
993 0,116
994 0,107
995 0,179
996 0,217
997 0,204
998 0,203
999 0,181
