0 0,3105
1 0,169
2 0,183
3 0,126
4 0,122
5 0,134
6 0,126
7 0,125
8 0,121
9 0,134
10 0,141
11 0,152
12 0,136
13 0,122
14 0,118
15 0,128
16 0,123
17 0,117
18 0,120
19 0,121
20 0,128
21 0,117
22 0,124
23 0,127
24 0,123
25 0,135
26 0,121
27 0,117
28 0,124
29 0,119
30 0,125
31 0,120
32 0,121
33 0,117
34 0,126
35 0,131
36 0,120
37 0,119
38 0,121
39 0,141
40 0,123
41 0,131
42 0,138
43 0,116
44 0,126
45 0,121
46 0,127
47 0,128
48 0,119
49 0,126
50 0,116
51 0,120
52 0,187
53 0,126
54 0,123
55 0,121
56 0,116
57 0,120
58 0,141
59 0,116
60 0,209
61 0,145
62 0,121
63 0,118
64 0,121
65 0,130
66 0,118
67 0,121
68 0,134
69 0,127
70 0,143
71 0,121
72 0,118
73 0,121
74 0,140
75 0,100
76 0,102
77 0,169
78 0,126
79 0,109
80 0,104
81 0,102
82 0,118
83 0,102
84 0,110
85 0,101
86 0,108
87 0,103
88 0,98
89 0,102
90 0,110
91 0,103
92 0,108
93 0,106
94 0,123
95 0,98
96 0,109
97 0,112
98 0,99
99 0,104
100 0,103
101 0,172
102 0,178
103 0,161
104 0,199
105 0,156
106 0,2583
107 0,82
108 0,108
109 0,112
110 0,113
111 0,102
112 0,102
113 0,109
114 0,112
115 0,111
116 0,104
117 0,98
118 0,110
119 0,102
120 0,118
121 0,100
122 0,110
123 0,112
124 0,100
125 0,98
126 0,87
127 0,81
128 0,79
129 0,78
130 0,77
131 0,79
132 0,77
133 0,87
134 0,80
135 0,79
136 0,78
137 0,79
138 0,78
139 0,86
140 0,79
141 0,83
142 0,78
143 0,78
144 0,77
145 0,84
146 0,85
147 0,79
148 0,79
149 0,77
150 0,80
151 0,80
152 0,81
153 0,85
154 0,79
155 0,79
156 0,79
157 0,77
158 0,110
159 0,83
160 0,77
161 0,88
162 0,83
163 0,80
164 0,79
165 0,80
166 0,77
167 0,87
168 0,80
169 0,78
170 0,79
171 0,81
172 0,77
173 0,82
174 0,86
175 0,80
176 0,79
177 0,78
178 0,88
179 0,80
180 0,80
181 0,84
182 0,79
183 0,80
184 0,78
185 0,78
186 0,82
187 0,77
188 0,85
189 0,78
190 0,79
191 0,80
192 0,123
193 0,134
194 0,106
195 0,80
196 0,87
197 0,80
198 0,78
199 0,78
200 0,93
201 0,80
202 0,78
203 0,78
204 0,78
205 0,79
206 0,79
207 0,85
208 0,81
209 0,80
210 0,79
211 0,79
212 0,77
213 0,79
214 0,86
215 0,79
216 0,80
217 0,79
218 0,129
219 0,115
220 0,151
221 0,145
222 0,89
223 0,83
224 0,81
225 0,86
226 0,89
227 0,79
228 0,78
229 0,78
230 0,79
231 0,79
232 0,87
233 0,116
234 0,102
235 0,98
236 0,103
237 0,103
238 0,106
239 0,103
240 0,104
241 0,99
242 0,103
243 0,109
244 0,111
245 0,112
246 0,111
247 0,119
248 0,100
249 0,105
250 0,110
251 0,100
252 0,104
253 0,105
254 0,100
255 0,103
256 0,152
257 0,187
258 0,159
259 0,106
260 0,104
261 0,109
262 0,112
263 0,104
264 0,131
265 0,133
266 0,111
267 0,107
268 0,113
269 0,108
270 0,112
271 0,101
272 0,104
273 0,123
274 0,107
275 0,104
276 0,102
277 0,99
278 0,103
279 0,110
280 0,110
281 0,104
282 0,102
283 0,114
284 0,106
285 0,112
286 0,103
287 0,100
288 0,108
289 0,106
290 0,101
291 0,109
292 0,114
293 0,98
294 0,105
295 0,101
296 0,102
297 0,105
298 0,103
299 0,104
300 0,99
301 0,103
302 0,101
303 0,106
304 0,112
305 0,102
306 0,100
307 0,107
308 0,103
309 0,104
310 0,102
311 0,103
312 0,102
313 0,99
314 0,102
315 0,109
316 0,110
317 0,103
318 0,102
319 0,98
320 0,169
321 0,173
322 0,129
323 0,103
324 0,110
325 0,110
326 0,99
327 0,103
328 0,114
329 0,99
330 0,104
331 0,110
332 0,100
333 0,102
334 0,105
335 0,99
336 0,102
337 0,110
338 0,103
339 0,102
340 0,112
341 0,102
342 0,103
343 0,117
344 0,107
345 0,99
346 0,103
347 0,106
348 0,99
349 0,108
350 0,103
351 0,2188
352 0,90
353 0,85
354 0,127
355 0,108
356 0,82
357 0,80
358 0,83
359 0,81
360 0,80
361 0,96
362 0,79
363 0,84
364 0,87
365 0,79
366 0,78
367 0,78
368 0,88
369 0,79
370 0,80
371 0,90
372 0,79
373 0,80
374 0,79
375 0,91
376 0,79
377 0,78
378 0,79
379 0,78
380 0,80
381 0,78
382 0,86
383 0,79
384 0,79
385 0,80
386 0,79
387 0,80
388 0,80
389 0,85
390 0,78
391 0,78
392 0,79
393 0,79
394 0,78
395 0,79
396 0,126
397 0,106
398 0,91
399 0,94
400 0,78
401 0,79
402 0,86
403 0,77
404 0,79
405 0,77
406 0,77
407 0,77
408 0,77
409 0,88
410 0,82
411 0,83
412 0,80
413 0,78
414 0,79
415 0,78
416 0,85
417 0,78
418 0,78
419 0,78
420 0,85
421 0,79
422 0,78
423 0,87
424 0,79
425 0,78
426 0,84
427 0,88
428 0,88
429 0,137
430 0,138
431 0,116
432 0,117
433 0,115
434 0,121
435 0,116
436 0,114
437 0,113
438 0,162
439 0,121
440 0,118
441 0,116
442 0,116
443 0,116
444 0,119
445 0,114
446 0,115
447 0,200
448 0,155
449 0,119
450 0,137
451 0,120
452 0,119
453 0,125
454 0,115
455 0,117
456 0,119
457 0,118
458 0,125
459 0,121
460 0,118
461 0,119
462 0,125
463 0,124
464 0,118
465 0,119
466 0,118
467 0,119
468 0,125
469 0,117
470 0,117
471 0,120
472 0,144
473 0,119
474 0,117
475 0,118
476 0,117
477 0,123
478 0,123
479 0,113
480 0,114
481 0,113
482 0,120
483 0,114
484 0,112
485 0,126
486 0,147
487 0,134
488 0,148
489 0,139
490 0,135
491 0,144
492 0,139
493 0,134
494 0,142
495 0,115
496 0,120
497 0,114
498 0,114
499 0,115
