0 0,4239
1 0,419
2 0,661
3 0,413
4 0,260
5 0,407
6 0,515
7 0,510
8 0,506
9 0,476
10 0,276
11 0,283
12 0,256
13 0,247
14 0,252
15 0,353
16 0,284
17 0,277
18 0,276
19 0,280
20 0,273
21 0,292
22 0,283
23 0,272
24 0,280
25 0,271
26 0,277
27 0,270
28 0,283
29 0,272
30 0,277
31 0,277
32 0,286
33 0,270
34 0,275
35 0,281
36 0,277
37 0,177
38 0,156
39 0,157
40 0,145
41 0,208
42 0,143
43 0,134
44 0,141
45 0,132
46 0,140
47 0,139
48 0,136
49 0,138
50 0,133
51 0,134
52 0,200
53 0,112
54 0,111
55 0,109
56 0,111
57 0,121
58 0,111
59 0,109
60 0,258
61 0,217
62 0,182
63 0,199
64 0,189
65 0,184
66 0,209
67 0,193
68 0,207
69 0,184
70 0,189
71 0,270
72 0,171
73 0,163
74 0,175
75 0,169
76 0,165
77 0,175
78 0,176
79 0,169
80 0,170
81 0,188
82 0,160
83 0,146
84 0,119
85 0,110
86 0,109
87 0,98
88 0,99
89 0,98
90 0,97
91 0,2549
92 0,79
93 0,115
94 0,97
95 0,122
96 0,134
97 0,100
98 0,95
99 0,77
100 0,121
101 0,232
102 0,174
103 0,161
104 0,162
105 0,133
106 0,171
107 0,191
108 0,130
109 0,133
110 0,128
111 0,142
112 0,146
113 0,125
114 0,131
115 0,130
116 0,146
117 0,125
118 0,137
119 0,134
120 0,142
121 0,134
122 0,128
123 0,135
124 0,133
125 0,138
126 0,129
127 0,124
128 0,135
129 0,130
130 0,131
131 0,130
132 0,138
133 0,139
134 0,134
135 0,136
136 0,141
137 0,131
138 0,138
139 0,136
140 0,157
141 0,141
142 0,136
143 0,132
144 0,140
145 0,132
146 0,130
147 0,117
148 0,142
149 0,163
150 0,153
151 0,92
152 0,70
153 0,69
154 0,79
155 0,70
156 0,75
157 0,71
158 0,140
159 0,128
160 0,95
161 0,69
162 0,71
163 0,69
164 0,68
165 0,69
166 0,68
167 0,102
168 0,100
169 0,69
170 0,69
171 0,69
172 0,70
173 0,78
174 0,69
175 0,84
176 0,68
177 0,68
178 0,69
179 0,67
180 0,75
181 0,69
182 0,70
183 0,75
184 0,69
185 0,68
186 0,69
187 0,68
188 0,69
189 0,68
190 0,68
191 0,143
192 0,92
193 0,112
194 0,106
195 0,72
196 0,72
197 0,125
198 0,123
199 0,99
200 0,104
201 0,101
202 0,98
203 0,108
204 0,102
205 0,106
206 0,99
207 0,108
208 0,111
209 0,112
210 0,101
211 0,100
212 0,228
213 0,119
214 0,96
215 0,101
216 0,97
217 0,105
218 0,161
219 0,99
220 0,132
221 0,97
222 0,95
223 0,105
224 0,97
225 0,98
226 0,107
227 0,102
228 0,106
229 0,95
230 0,102
231 0,100
232 0,96
233 0,96
234 0,96
235 0,98
236 0,105
237 0,102
238 0,106
239 0,97
240 0,101
241 0,98
242 0,99
243 0,103
244 0,98
245 0,101
246 0,97
247 0,98
248 0,127
249 0,103
250 0,96
251 0,98
252 0,96
253 0,105
254 0,97
255 0,104
256 0,197
257 0,115
258 0,113
259 0,111
260 0,99
261 0,111
262 0,103
263 0,102
264 0,104
265 0,99
266 0,97
267 0,99
268 0,118
269 0,95
270 0,109
271 0,96
272 0,97
273 0,96
274 0,102
275 0,99
276 0,98
277 0,98
278 0,107
279 0,97
280 0,96
281 0,110
282 0,95
283 0,96
284 0,98
285 0,96
286 0,96
287 0,108
288 0,113
289 0,96
290 0,101
291 0,96
292 0,100
293 0,96
294 0,102
295 0,96
296 0,98
297 0,97
298 0,2127
299 0,69
300 0,71
301 0,77
302 0,118
303 0,84
304 0,70
305 0,69
306 0,68
307 0,69
308 0,73
309 0,77
310 0,68
311 0,68
312 0,69
313 0,68
314 0,68
315 0,74
316 0,96
317 0,83
318 0,69
319 0,247
320 0,120
321 0,69
322 0,71
323 0,86
324 0,73
325 0,68
326 0,70
327 0,68
328 0,71
329 0,73
330 0,68
331 0,77
332 0,70
333 0,69
334 0,69
335 0,69
336 0,69
337 0,69
338 0,70
339 0,77
340 0,70
341 0,69
342 0,70
343 0,77
344 0,68
345 0,68
346 0,69
347 0,75
348 0,95
349 0,109
350 0,103
351 0,69
352 0,79
353 0,69
354 0,69
355 0,69
356 0,88
357 0,128
358 0,119
359 0,115
360 0,89
361 0,83
362 0,73
363 0,69
364 0,76
365 0,68
366 0,70
367 0,68
368 0,84
369 0,69
370 0,69
371 0,70
372 0,71
373 0,70
374 0,70
375 0,69
376 0,78
377 0,69
378 0,71
379 0,70
380 0,70
381 0,70
382 0,79
383 0,70
384 0,76
385 0,68
386 0,69
387 0,67
388 0,69
389 0,68
390 0,68
391 0,68
392 0,68
393 0,77
394 0,69
395 0,69
396 0,69
397 0,70
398 0,69
399 0,70
400 0,69
401 0,75
402 0,68
403 0,68
404 0,68
405 0,68
406 0,68
407 0,68
408 0,68
409 0,77
410 0,73
411 0,69
412 0,112
413 0,121
414 0,96
415 0,96
416 0,110
417 0,99
418 0,95
419 0,74
420 0,77
421 0,68
422 0,68
423 0,77
424 0,68
425 0,68
426 0,68
427 0,69
428 0,69
429 0,70
430 0,69
431 0,76
432 0,70
433 0,71
434 0,70
435 0,74
436 0,68
437 0,69
438 0,68
439 0,76
440 0,69
441 0,69
442 0,69
443 0,70
444 0,69
445 0,69
446 0,69
447 0,76
448 0,68
449 0,69
450 0,67
451 0,67
452 0,67
453 0,68
454 0,68
455 0,68
456 0,75
457 0,68
458 0,68
459 0,70
460 0,68
461 0,68
462 0,68
463 0,68
464 0,80
465 0,69
466 0,69
467 0,70
468 0,68
469 0,70
470 0,69
471 0,69
472 0,75
473 0,70
474 0,74
475 0,69
476 0,68
477 0,70
478 0,69
479 0,71
480 0,76
481 0,69
482 0,69
483 0,70
484 0,69
485 0,69
486 0,69
487 0,69
488 0,75
489 0,70
490 0,68
491 0,68
492 0,73
493 0,69
494 0,69
495 0,69
496 0,75
497 0,69
498 0,68
499 0,70
