0 0,5451
1 0,581
2 0,522
3 0,432
4 0,427
5 0,418
6 0,447
7 0,426
8 0,419
9 0,419
10 0,438
11 0,536
12 0,446
13 0,445
14 0,458
15 0,461
16 0,440
17 0,446
18 0,452
19 0,466
20 0,452
21 0,446
22 0,437
23 0,448
24 0,436
25 0,433
26 0,442
27 0,437
28 0,446
29 0,449
30 0,440
31 0,437
32 0,430
33 0,260
34 0,176
35 0,180
36 0,169
37 0,180
38 0,188
39 0,178
40 0,176
41 0,245
42 0,194
43 0,176
44 0,172
45 0,175
46 0,169
47 0,187
48 0,182
49 0,183
50 0,168
51 0,172
52 0,191
53 0,216
54 0,189
55 0,173
56 0,174
57 0,185
58 0,166
59 0,179
60 0,311
61 0,311
62 0,336
63 0,279
64 0,270
65 0,289
66 0,285
67 0,262
68 0,382
69 0,251
70 0,252
71 0,256
72 0,244
73 0,273
74 0,257
75 0,251
76 0,252
77 0,184
78 0,179
79 0,154
80 0,162
81 0,148
82 0,149
83 0,150
84 0,139
85 0,2549
86 0,114
87 0,165
88 0,159
89 0,158
90 0,133
91 0,125
92 0,148
93 0,162
94 0,151
95 0,151
96 0,156
97 0,157
98 0,162
99 0,143
100 0,119
101 0,209
102 0,279
103 0,212
104 0,223
105 0,204
106 0,202
107 0,207
108 0,210
109 0,228
110 0,210
111 0,208
112 0,211
113 0,221
114 0,219
115 0,215
116 0,201
117 0,219
118 0,209
119 0,216
120 0,224
121 0,213
122 0,230
123 0,204
124 0,200
125 0,221
126 0,231
127 0,234
128 0,199
129 0,202
130 0,211
131 0,188
132 0,206
133 0,153
134 0,170
135 0,118
136 0,102
137 0,102
138 0,119
139 0,102
140 0,103
141 0,102
142 0,103
143 0,120
144 0,121
145 0,117
146 0,116
147 0,118
148 0,116
149 0,107
150 0,107
151 0,107
152 0,107
153 0,110
154 0,101
155 0,101
156 0,107
157 0,103
158 0,209
159 0,137
160 0,102
161 0,113
162 0,121
163 0,127
164 0,125
165 0,117
166 0,120
167 0,122
168 0,102
169 0,102
170 0,102
171 0,111
172 0,102
173 0,112
174 0,113
175 0,121
176 0,118
177 0,119
178 0,126
179 0,118
180 0,118
181 0,119
182 0,125
183 0,112
184 0,102
185 0,166
186 0,145
187 0,153
188 0,143
189 0,147
190 0,179
191 0,157
192 0,159
193 0,193
194 0,145
195 0,148
196 0,146
197 0,138
198 0,158
199 0,142
200 0,153
201 0,140
202 0,138
203 0,186
204 0,146
205 0,147
206 0,144
207 0,145
208 0,149
209 0,144
210 0,150
211 0,152
212 0,167
213 0,144
214 0,138
215 0,152
216 0,147
217 0,145
218 0,161
219 0,165
220 0,246
221 0,195
222 0,157
223 0,146
224 0,144
225 0,145
226 0,155
227 0,152
228 0,142
229 0,143
230 0,146
231 0,182
232 0,147
233 0,148
234 0,152
235 0,139
236 0,228
237 0,148
238 0,155
239 0,147
240 0,166
241 0,140
242 0,144
243 0,151
244 0,141
245 0,148
246 0,139
247 0,147
248 0,141
249 0,159
250 0,149
251 0,156
252 0,148
253 0,146
254 0,140
255 0,154
256 0,329
257 0,212
258 0,150
259 0,175
260 0,141
261 0,151
262 0,152
263 0,142
264 0,143
265 0,152
266 0,159
267 0,145
268 0,165
269 0,147
270 0,147
271 0,145
272 0,140
273 0,144
274 0,141
275 0,146
276 0,151
277 0,2386
278 0,133
279 0,138
280 0,156
281 0,118
282 0,118
283 0,120
284 0,123
285 0,102
286 0,102
287 0,105
288 0,102
289 0,102
290 0,110
291 0,102
292 0,110
293 0,101
294 0,103
295 0,110
296 0,110
297 0,107
298 0,108
299 0,108
300 0,114
301 0,102
302 0,101
303 0,102
304 0,102
305 0,103
306 0,108
307 0,102
308 0,102
309 0,103
310 0,102
311 0,121
312 0,101
313 0,102
314 0,101
315 0,103
316 0,102
317 0,108
318 0,181
319 0,179
320 0,137
321 0,119
322 0,110
323 0,102
324 0,104
325 0,122
326 0,125
327 0,109
328 0,109
329 0,108
330 0,115
331 0,109
332 0,103
333 0,103
334 0,102
335 0,115
336 0,119
337 0,124
338 0,152
339 0,114
340 0,125
341 0,119
342 0,117
343 0,119
344 0,132
345 0,102
346 0,103
347 0,101
348 0,102
349 0,102
350 0,122
351 0,118
352 0,120
353 0,123
354 0,124
355 0,119
356 0,119
357 0,120
358 0,119
359 0,120
360 0,102
361 0,112
362 0,109
363 0,109
364 0,116
365 0,119
366 0,117
367 0,118
368 0,118
369 0,125
370 0,117
371 0,119
372 0,117
373 0,117
374 0,131
375 0,119
376 0,114
377 0,101
378 0,104
379 0,120
380 0,123
381 0,121
382 0,122
383 0,167
384 0,168
385 0,153
386 0,148
387 0,148
388 0,150
389 0,145
390 0,116
391 0,102
392 0,102
393 0,124
394 0,117
395 0,157
396 0,129
397 0,120
398 0,101
399 0,109
400 0,102
401 0,102
402 0,102
403 0,109
404 0,102
405 0,102
406 0,117
407 0,120
408 0,126
409 0,119
410 0,118
411 0,119
412 0,125
413 0,119
414 0,119
415 0,118
416 0,120
417 0,125
418 0,120
419 0,117
420 0,117
421 0,118
422 0,114
423 0,106
424 0,102
425 0,103
426 0,102
427 0,112
428 0,118
429 0,114
430 0,113
431 0,116
432 0,122
433 0,118
434 0,118
435 0,118
436 0,119
437 0,125
438 0,123
439 0,128
440 0,105
441 0,103
442 0,109
443 0,101
444 0,103
445 0,102
446 0,103
447 0,108
448 0,102
449 0,103
450 0,102
451 0,102
452 0,102
453 0,109
454 0,101
455 0,103
456 0,101
457 0,120
458 0,120
459 0,108
460 0,107
461 0,107
462 0,107
463 0,115
464 0,120
465 0,119
466 0,118
467 0,118
468 0,125
469 0,118
470 0,119
471 0,119
472 0,184
473 0,123
474 0,105
475 0,102
476 0,102
477 0,105
478 0,108
479 0,101
480 0,101
481 0,102
482 0,101
483 0,142
484 0,150
485 0,151
486 0,144
487 0,157
488 0,146
489 0,147
490 0,143
491 0,151
492 0,162
493 0,152
494 0,144
495 0,146
496 0,152
497 0,141
498 0,148
499 0,150
500 0,158
501 0,140
502 0,153
503 0,148
504 0,144
505 0,146
506 0,147
507 0,146
508 0,162
509 0,147
510 0,140
511 0,160
512 0,137
513 0,157
514 0,143
515 0,159
516 0,150
517 0,148
518 0,151
519 0,144
520 0,164
521 0,168
522 0,152
523 0,147
524 0,149
525 0,151
526 0,156
527 0,146
528 0,152
529 0,151
530 0,172
531 0,147
532 0,157
533 0,156
534 0,153
535 0,155
536 0,142
537 0,166
538 0,141
539 0,161
540 0,142
541 0,154
542 0,138
543 0,149
544 0,143
545 0,149
546 0,146
547 0,149
548 0,149
549 0,166
550 0,148
551 0,145
552 0,148
553 0,149
554 0,149
555 0,148
556 0,146
557 0,145
558 0,180
559 0,143
560 0,151
561 0,146
562 0,152
563 0,150
564 0,150
565 0,149
566 0,150
567 0,162
568 0,137
569 0,140
570 0,155
571 0,143
572 0,144
573 0,142
574 0,148
575 0,150
576 0,145
577 0,170
578 0,140
579 0,146
580 0,139
581 0,150
582 0,199
583 0,165
584 0,143
585 0,142
586 0,165
587 0,150
588 0,144
589 0,150
590 0,145
591 0,154
592 0,147
593 0,145
594 0,146
595 0,170
596 0,148
597 0,147
598 0,147
599 0,151
600 0,148
601 0,145
602 0,146
603 0,150
604 0,146
605 0,164
606 0,144
607 0,142
608 0,155
609 0,146
610 0,148
611 0,146
612 0,149
613 0,142
614 0,158
615 0,151
616 0,148
617 0,149
618 0,148
619 0,144
620 0,150
621 0,143
622 0,149
623 0,156
624 0,148
625 0,149
626 0,146
627 0,157
628 0,140
629 0,152
630 0,147
631 0,150
632 0,141
633 0,169
634 0,142
635 0,143
636 0,146
637 0,147
638 0,144
639 0,145
640 0,149
641 0,150
642 0,167
643 0,146
644 0,146
645 0,147
646 0,152
647 0,142
648 0,149
649 0,146
650 0,152
651 0,145
652 0,149
653 0,149
654 0,150
655 0,150
656 0,144
657 0,146
658 0,148
659 0,144
660 0,147
661 0,155
662 0,146
663 0,149
664 0,143
665 0,136
666 0,148
667 0,150
668 0,144
669 0,144
670 0,152
671 0,151
672 0,148
673 0,146
674 0,150
675 0,149
676 0,143
677 0,147
678 0,141
679 0,161
680 0,154
681 0,143
682 0,147
683 0,154
684 0,149
685 0,148
686 0,150
687 0,144
688 0,156
689 0,245
690 0,165
691 0,167
692 0,146
693 0,149
694 0,141
695 0,151
696 0,145
697 0,148
698 0,164
699 0,158
700 0,155
701 0,144
702 0,147
703 0,147
704 0,149
705 0,145
706 0,141
707 0,147
708 0,160
709 0,146
710 0,152
711 0,148
712 0,157
713 0,153
714 0,143
715 0,141
716 0,156
717 0,157
718 0,145
719 0,149
720 0,143
721 0,156
722 0,149
723 0,147
724 0,151
725 0,154
726 0,177
727 0,147
728 0,150
729 0,152
730 0,146
731 0,150
732 0,147
733 0,153
734 0,142
735 0,148
736 0,156
737 0,147
738 0,150
739 0,152
740 0,148
741 0,153
742 0,146
743 0,151
744 0,149
745 0,172
746 0,147
747 0,149
748 0,144
749 0,149
750 0,152
751 0,151
752 0,156
753 0,147
754 0,167
755 0,147
756 0,147
757 0,152
758 0,149
759 0,153
760 0,148
761 0,147
762 0,155
763 0,137
764 0,163
765 0,144
766 0,151
767 0,147
768 0,146
769 0,153
770 0,154
771 0,153
772 0,140
773 0,162
774 0,154
775 0,141
776 0,141
777 0,151
778 0,148
779 0,152
780 0,139
781 0,150
782 0,163
783 0,164
784 0,148
785 0,149
786 0,148
787 0,152
788 0,150
789 0,144
790 0,144
791 0,146
792 0,171
793 0,226
794 0,225
795 0,162
796 0,155
797 0,156
798 0,153
799 0,151
800 0,148
801 0,170
802 0,139
803 0,148
804 0,144
805 0,145
806 0,145
807 0,157
808 0,145
809 0,150
810 0,161
811 0,163
812 0,146
813 0,145
814 0,151
815 0,144
816 0,147
817 0,135
818 0,147
819 0,187
820 0,170
821 0,147
822 0,139
823 0,146
824 0,153
825 0,138
826 0,148
827 0,148
828 0,155
829 0,163
830 0,150
831 0,140
832 0,149
833 0,151
834 0,143
835 0,143
836 0,152
837 0,148
838 0,144
839 0,146
840 0,143
841 0,143
842 0,143
843 0,148
844 0,161
845 0,188
846 0,144
847 0,142
848 0,155
849 0,154
850 0,145
851 0,147
852 0,144
853 0,149
854 0,151
855 0,145
856 0,173
857 0,183
858 0,143
859 0,150
860 0,147
861 0,150
862 0,141
863 0,149
864 0,137
865 0,144
866 0,154
867 0,154
868 0,154
869 0,146
870 0,155
871 0,146
872 0,141
873 0,151
874 0,153
875 0,148
876 0,152
877 0,139
878 0,153
879 0,142
880 0,149
881 0,149
882 0,157
883 0,133
884 0,142
885 0,1984
886 0,260
887 0,140
888 0,121
889 0,126
890 0,121
891 0,153
892 0,142
893 0,148
894 0,154
895 0,150
896 0,161
897 0,153
898 0,160
899 0,154
900 0,159
901 0,146
902 0,148
903 0,147
904 0,150
905 0,156
906 0,147
907 0,148
908 0,147
909 0,151
910 0,158
911 0,152
912 0,138
913 0,142
914 0,137
915 0,142
916 0,131
917 0,131
918 0,132
919 0,131
920 0,140
921 0,130
922 0,130
923 0,133
924 0,130
925 0,130
926 0,155
927 0,154
928 0,146
929 0,144
930 0,145
931 0,154
932 0,146
933 0,138
934 0,138
935 0,146
936 0,138
937 0,133
938 0,133
939 0,133
940 0,344
941 0,156
942 0,131
943 0,113
944 0,113
945 0,113
946 0,114
947 0,127
948 0,137
949 0,129
950 0,130
951 0,132
952 0,148
953 0,152
954 0,142
955 0,132
956 0,131
957 0,150
958 0,152
959 0,152
960 0,153
961 0,154
962 0,150
963 0,141
964 0,141
965 0,142
966 0,140
967 0,150
968 0,154
969 0,157
970 0,154
971 0,154
972 0,184
973 0,147
974 0,149
975 0,146
976 0,156
977 0,152
978 0,152
979 0,160
980 0,150
981 0,156
982 0,149
983 0,150
984 0,148
985 0,148
986 0,158
987 0,150
988 0,153
989 0,151
990 0,150
991 0,159
992 0,137
993 0,132
994 0,138
995 0,130
996 0,138
997 0,133
998 0,131
999 0,131
