0,103.600
1,102.100
2,102.000
3,104.200
4,104.300
5,101.600
6,120.700
7,103.500
8,103.000
9,103.000
10,109.300
11,104.000
12,103.500
13,103.500
14,110.600
15,107.200
16,107.400
17,107.800
18,111.600
19,106.200
20,105.800
21,118.800
22,151.200
23,205.700
24,306.500
25,353.100
26,216.400
27,236.500
28,330.800
29,228.400
30,219.400
31,411.300
32,180.100
33,181.300
34,181.300
35,181.300
36,189.900
37,183.200
38,182.800
39,181.900
40,182.400
41,186.700
42,182.700
43,186.100
44,179.200
45,137.300
46,137.600
47,140.700
48,137.500
49,137.400
50,151.200
51,150.600
52,112.200
53,112.200
54,112.100
55,125.600
56,111.700
57,111.500
58,111.600
59,116.400
60,114.400
61,127.900
62,132.000
63,135.800
64,130.500
65,127.800
66,131.900
67,127.600
68,127.500
69,127.500
70,131.500
71,126.600
72,126.400
73,126.400
74,130.600
75,126.400
76,126.400
77,126.400
78,124.800
79,106.000
80,103.400
81,103.400
82,106.700
83,103.500
84,103.400
85,103.400
86,106.700
87,103.500
88,103.400
89,103.400
90,106.900
91,103.400
92,103.500
93,103.400
94,106.700
95,103.500
96,103.500
97,103.400
98,110.900
99,103.500
100,103.500
101,103.400
102,106.700
103,103.500
104,103.400
105,103.500
106,105.900
107,103.700
108,103.700
109,106.800
110,103.700
111,103.700
112,103.700
113,106.900
114,105.900
115,105.900
116,103.600
117,106.900
118,103.500
119,103.400
120,103.400
121,106.700
122,103.000
123,103.500
124,103.500
125,107.100
126,103.700
127,103.900
128,103.900
129,107.600
130,106.800
131,106.500
132,103.900
133,107.000
134,103.400
135,103.400
136,103.500
137,107.300
138,104.300
139,104.400
140,104.300
141,107.700
142,103.200
143,103.900
144,103.900
145,107.500
146,103.500
147,105.400
148,106.200
149,103.400
150,106.000
151,103.500
152,106.600
153,103.400
154,103.400
155,103.500
156,106.700
157,105.700
158,103.400
159,103.400
160,106.700
161,105.600
162,103.500
163,103.400
164,108.400
165,103.400
166,103.500
167,103.500
168,106.600
169,105.100
170,103.500
171,103.900
172,107.200
173,103.800
174,178.800
175,109.000
176,104.700
177,104.200
178,114.500
179,111.400
180,103.700
181,111.900
182,101.000
183,101.500
184,101.500
185,101.700
186,102.400
187,103.900
188,103.900
189,104.000
190,103.900
191,103.900
192,103.600
193,103.400
194,103.400
195,103.500
196,103.100
197,103.100
198,109.200
199,105.700
200,105.700
201,103.500
202,106.200
203,101.100
204,101.100
205,101.200
206,101.000
207,101.000
208,100.800
209,100.500
210,102.200
211,100.200
212,100.000
213,100.000
214,100.800
215,100.000
216,107.700
217,106.000
218,101.400
219,103.600
220,112.700
221,101.700
222,101.200
223,100.600
224,104.500
225,100.300
226,100.200
227,100.300
228,104.100
229,101.400
230,101.300
231,101.400
232,106.800
233,103.600
234,103.600
235,102.400
236,107.600
237,102.800
238,101.300
239,101.500
240,104.500
241,103.500
242,101.400
243,101.400
244,105.000
245,101.400
246,101.300
247,104.500
248,101.400
249,101.300
250,101.400
251,104.500
252,103.600
253,101.300
254,101.400
255,104.600
256,105.700
257,103.500
258,103.600
259,106.900
260,101.400
261,101.400
262,101.500
263,104.800
264,101.400
265,101.300
266,101.300
267,104.800
268,103.600
269,101.300
270,101.400
271,104.700
272,100.500
273,100.900
274,101.100
275,107.800
276,103.600
277,101.300
278,101.300
279,104.400
280,103.600
281,101.300
282,101.400
283,104.400
284,101.400
285,101.400
286,104.500
287,103.500
288,101.300
289,101.400
290,104.500
291,103.500
292,104.900
293,101.100
294,107.000
295,100.700
296,101.200
297,101.100
298,105.000
299,103.600
300,101.300
301,101.300
302,105.400
303,103.500
304,101.400
305,101.400
306,104.400
307,103.600
308,103.600
309,101.300
310,104.400
311,108.400
312,101.300
313,101.300
314,104.400
315,105.900
316,101.400
317,101.400
318,104.500
319,103.500
320,103.600
321,106.600
322,100.500
323,100.300
324,100.700
325,118.700
326,103.500
327,101.300
328,101.400
329,135.700
330,204.100
331,354.900
332,209.800
333,100.700
334,100.700
335,100.600
336,100.700
337,101.500
338,101.200
339,101.200
340,101.100
341,106.700
342,103.500
343,100.900
344,132.600
345,101.400
346,101.400
347,101.400
348,101.400
349,101.400
350,101.300
351,100.800
352,106.900
353,100.700
354,100.600
355,100.700
356,106.300
357,100.700
358,100.700
359,113.500
360,104.600
361,100.300
362,100.300
363,105.900
364,104.600
365,100.200
366,100.300
367,105.800
368,101.400
369,100.900
370,101.400
371,104.600
372,104.000
373,101.800
374,101.800
375,100.700
376,100.700
377,100.700
378,104.000
379,109.200
380,102.900
381,100.400
382,104.200
383,101.400
384,100.900
385,101.400
386,104.500
387,101.300
388,100.800
389,101.400
390,105.300
391,105.100
392,100.800
393,100.600
394,105.300
395,101.400
396,104.600
397,100.700
398,106.400
399,101.300
400,101.000
401,101.500
402,106.100
403,101.300
404,100.900
405,101.300
406,106.100
407,101.800
408,101.800
409,101.800
410,104.500
411,101.400
412,101.300
413,101.300
414,104.500
415,103.600
416,101.300
417,106.900
418,100.100
419,101.900
420,100.700
421,104.200
422,101.100
423,100.700
424,101.200
425,104.300
426,103.600
427,100.900
428,101.400
429,105.100
430,103.700
431,100.900
432,101.300
433,104.400
434,101.400
435,100.900
436,101.400
437,107.100
438,101.400
439,100.900
440,101.300
441,104.500
442,101.300
443,100.900
444,101.400
445,105.800
446,103.500
447,100.900
448,101.400
449,104.500
450,103.600
451,103.100
452,101.300
453,104.400
454,101.300
455,100.900
456,103.900
457,104.500
458,101.800
459,101.900
460,101.800
461,104.500
462,102.300
463,102.300
464,105.300
465,103.500
466,103.600
467,101.400
468,104.500
469,101.400
470,101.300
471,101.400
472,105.400
473,103.400
474,101.300
475,104.300
476,108.500
477,102.900
478,100.700
479,100.700
480,108.000
481,100.900
482,140.500
483,103.400
484,109.000
485,99.800
486,99.800
487,100.700
488,109.300
489,102.900
490,102.000
491,100.600
492,107.900
493,101.100
494,101.600
495,104.100
496,100.500
497,100.700
498,101.100
499,104.300
500,103.600
501,100.900
502,101.300
503,104.400
504,101.100
505,101.100
506,101.100
507,104.300
508,101.100
509,100.700
510,101.200
511,106.900
512,103.600
513,100.900
514,101.300
515,103.800
516,100.900
517,100.400
518,100.800
519,108.000
520,103.500
521,100.900
522,101.400
523,104.400
524,106.200
525,100.700
526,100.700
527,104.500
528,108.500
529,102.900
530,100.200
531,104.600
532,100.500
533,100.700
534,101.200
535,106.500
536,101.100
537,101.100
538,101.100
539,106.700
540,103.600
541,100.900
542,104.500
543,100.400
544,100.700
545,104.200
546,106.000
547,101.200
548,99.900
549,100.700
550,104.100
551,101.300
552,100.900
553,101.400
554,104.400
555,101.100
556,101.100
557,101.100
558,104.500
559,101.400
560,104.800
561,100.700
562,105.400
563,101.300
564,110.200
565,100.300
566,104.300
567,101.400
568,104.800
569,100.700
570,104.400
571,101.400
572,106.900
573,100.700
574,104.500
575,101.300
576,100.900
577,104.300
578,104.700
579,101.400
580,100.900
581,107.800
582,101.400
583,103.600
584,101.400
585,105.600
586,103.000
587,100.600
588,100.600
589,109.100
590,101.200
591,100.900
592,101.400
593,104.600
594,100.700
595,104.600
596,100.700
597,104.700
598,103.600
599,105.700
600,100.700
601,105.800
602,105.300
603,101.300
604,101.400
605,108.600
606,100.700
607,100.200
608,100.600
609,106.500
610,106.700
611,100.600
612,100.700
613,104.600
614,101.400
615,100.800
616,104.500
617,101.300
618,101.300
619,105.000
620,104.700
621,101.400
622,101.200
623,101.300
624,104.400
625,101.400
626,104.800
627,103.600
628,105.000
629,103.600
630,103.100
631,106.700
632,144.300
633,103.600
634,101.600
635,104.700
636,104.500
637,100.700
638,100.700
639,100.600
640,104.600
641,115.400
642,102.900
643,100.700
644,104.600
645,103.600
646,101.300
647,101.400
648,104.600
649,101.300
650,100.900
651,104.600
652,101.300
653,101.400
654,105.000
655,104.800
656,102.900
657,100.700
658,100.700
659,103.800
660,100.700
661,101.300
662,100.700
663,104.200
664,101.400
665,100.900
666,101.300
667,104.400
668,103.600
669,103.500
670,103.600
671,107.900
672,101.800
673,101.800
674,101.800
675,104.900
676,105.600
677,102.900
678,100.700
679,106.300
680,107.000
681,100.600
682,100.700
683,104.900
684,101.400
685,100.900
686,101.400
687,104.500
688,101.300
689,106.300
690,106.500
691,101.400
692,100.900
693,101.400
694,106.100
695,101.400
696,105.000
697,100.700
698,104.500
699,100.700
700,104.700
701,100.700
702,104.400
703,101.400
704,100.900
705,101.300
706,107.200
707,104.300
708,100.000
709,100.000
710,104.200
711,106.200
712,102.900
713,100.700
714,106.100
715,101.400
716,100.900
717,101.400
718,104.500
719,101.400
720,101.400
721,101.400
722,104.500
723,101.400
724,101.300
725,101.400
726,106.900
727,101.300
728,101.400
729,104.500
730,101.400
731,101.300
732,101.300
733,104.500
734,103.600
735,101.400
736,101.300
737,104.700
738,105.200
739,100.200
740,100.300
741,104.200
742,103.000
743,104.600
744,100.700
745,104.300
746,103.500
747,100.900
748,101.400
749,104.700
750,104.000
751,101.800
752,101.800
753,104.700
754,103.600
755,101.400
756,101.400
757,104.500
758,103.500
759,101.300
760,101.300
761,104.500
762,103.300
763,101.200
764,101.100
765,106.300
766,103.400
767,101.100
768,101.100
769,106.500
770,105.900
771,100.600
772,104.100
773,101.300
774,105.100
775,100.700
776,104.200
777,101.300
778,104.600
779,102.700
780,104.400
781,103.600
782,101.400
783,104.700
784,104.500
785,101.300
786,100.900
787,101.400
788,104.400
789,101.300
790,101.400
791,101.400
792,104.500
793,103.500
794,101.300
795,101.300
796,104.400
797,103.600
798,101.400
799,101.300
800,108.000
801,290.700
802,178.700
803,107.000
804,110.200
805,105.100
806,100.700
807,104.900
808,101.400
809,100.900
810,102.100
811,105.000
812,101.400
813,100.900
814,218.600
815,105.900
816,111.400
817,105.200
818,107.400
819,105.900
820,105.800
821,105.800
822,105.800
823,105.800
824,105.900
825,105.900
826,106.000
827,108.100
828,106.300
829,108.600
830,112.000
831,107.600
832,107.700
833,105.300
834,107.700
835,106.200
836,103.000
837,102.800
838,103.400
839,103.500
840,102.600
841,103.000
842,103.000
843,102.900
844,103.000
845,102.900
846,103.000
847,102.900
848,102.900
849,105.200
850,105.700
851,109.800
852,106.600
853,104.300
854,104.300
855,108.400
856,106.600
857,104.300
858,104.300
859,108.100
860,103.200
861,103.400
862,103.500
863,106.300
864,105.700
865,103.400
866,103.400
867,107.700
868,107.600
869,105.700
870,104.200
871,103.900
872,103.400
873,101.100
874,101.100
875,103.600
876,100.500
877,100.600
878,100.700
879,104.100
880,101.100
881,101.100
882,101.200
883,110.200
884,103.000
885,103.400
886,104.400
887,100.500
888,102.900
889,100.600
890,103.600
891,103.400
892,100.400
893,101.200
894,104.100
895,100.500
896,100.600
897,100.600
898,103.700
899,103.400
900,101.100
901,104.400
902,104.400
903,103.300
904,100.500
905,101.100
906,103.900
907,103.400
908,101.200
909,101.100
910,103.800
911,103.400
912,101.100
913,101.100
914,103.800
915,103.400
916,101.100
917,101.200
918,105.100
919,102.900
920,100.700
921,104.500
922,106.300
923,103.400
924,100.500
925,100.800
926,106.200
927,103.400
928,101.100
929,104.500
930,101.100
931,101.100
932,101.200
933,104.300
934,100.500
935,101.200
936,101.100
937,104.100
938,101.100
939,101.100
940,104.300
941,104.200
942,100.000
943,100.700
944,100.600
945,103.600
946,103.300
947,258.200
948,101.600
949,146.600
950,152.800
951,114.500
952,138.800
953,105.100
954,266.300
955,135.900
956,240.000
957,210.400
958,128.600
959,114.000
960,116.500
961,176.300
962,108.800
963,102.100
964,102.100
965,102.000
966,106.300
967,100.900
968,101.200
969,101.100
970,105.500
971,103.700
972,103.700
973,103.600
974,106.800
975,103.000
976,103.000
977,103.000
978,111.000
979,106.000
980,106.000
981,103.600
982,107.900
983,103.300
984,104.300
985,103.400
986,105.000
987,103.300
988,101.200
989,101.100
990,104.200
991,103.300
992,101.200
993,101.100
994,104.200
995,101.100
996,101.100
997,103.800
998,103.900
999,100.500
