0,142.800
1,134.700
2,126.200
3,125.900
4,126.000
5,131.900
6,126.800
7,126.100
8,137.700
9,149.100
10,127.600
11,131.700
12,125.000
13,125.100
14,131.300
15,154.500
16,126.000
17,125.200
18,139.000
19,195.700
20,184.100
21,161.400
22,125.100
23,162.900
24,125.300
25,176.200
26,155.200
27,126.600
28,130.700
29,126.000
30,125.200
31,125.100
32,126.300
33,126.200
34,125.200
35,125.100
36,187.300
37,130.200
38,128.400
39,284.000
40,351.600
41,429.100
42,284.400
43,136.400
44,351.600
45,163.400
46,355.500
47,367.900
48,436.500
49,347.400
50,331.600
51,306.900
52,307.000
53,322.400
54,165.500
55,125.500
56,125.200
57,125.500
58,125.400
59,125.300
60,125.300
61,125.300
62,125.200
63,125.300
64,125.300
65,125.300
66,125.200
67,129.800
68,125.600
69,125.100
70,126.200
71,126.200
72,126.300
73,126.300
74,126.300
75,126.300
76,126.200
77,126.300
78,127.500
79,126.200
80,133.600
81,129.300
82,125.700
83,131.300
84,128.300
85,125.700
86,130.200
87,126.000
88,126.200
89,129.800
90,125.800
91,125.400
92,125.400
93,130.400
94,123.200
95,122.500
96,127.500
97,127.200
98,125.900
99,126.800
100,122.900
101,122.900
102,127.000
103,123.700
104,123.000
105,126.800
106,125.200
107,123.100
108,123.300
109,128.500
110,122.300
111,123.900
112,128.700
113,126.600
114,122.500
115,127.100
116,122.800
117,122.200
118,126.200
119,121.400
120,122.100
121,126.500
122,123.100
123,124.500
124,122.800
125,127.700
126,122.200
127,122.200
128,129.500
129,120.900
130,122.800
131,126.400
132,122.100
133,122.100
134,125.500
135,123.800
136,122.800
137,122.900
138,127.700
139,123.600
140,122.700
141,127.100
142,122.800
143,123.300
144,129.600
145,122.700
146,123.200
147,125.900
148,123.600
149,122.700
150,122.700
151,128.500
152,124.400
153,122.100
154,127.200
155,122.800
156,123.700
157,126.900
158,125.200
159,124.200
160,126.800
161,124.700
162,123.000
163,126.000
164,123.400
165,122.100
166,122.100
167,127.700
168,122.200
169,122.100
170,126.700
171,122.800
172,122.800
173,126.500
174,125.900
175,123.300
176,125.700
177,123.000
178,123.000
179,122.100
180,127.600
181,123.300
182,123.300
183,127.800
184,123.000
185,123.400
186,127.300
187,132.700
188,123.800
189,125.100
190,122.400
191,122.300
192,125.600
193,122.200
194,122.500
195,122.100
196,126.300
197,122.100
198,122.600
199,126.500
200,122.000
201,122.400
202,128.400
203,122.700
204,122.100
205,131.400
206,123.100
207,123.500
208,123.300
209,128.800
210,123.100
211,127.400
212,127.700
213,122.800
214,127.200
215,132.300
216,123.700
217,123.100
218,131.400
219,127.300
220,122.200
221,125.300
222,123.400
223,126.100
224,121.700
225,127.300
226,124.600
227,122.400
228,127.400
229,122.300
230,122.400
231,126.500
232,122.300
233,122.300
234,129.400
235,128.200
236,123.000
237,122.700
238,139.900
239,123.300
240,123.100
241,130.200
242,122.800
243,122.500
244,127.300
245,123.000
246,124.600
247,127.300
248,123.600
249,122.400
250,129.700
251,124.400
252,121.800
253,126.100
254,125.300
255,123.200
256,123.300
257,128.600
258,123.100
259,123.100
260,128.000
261,123.000
262,122.300
263,126.800
264,124.200
265,126.400
266,127.800
267,123.100
268,123.700
269,126.800
270,122.700
271,122.600
272,122.600
273,127.900
274,123.900
275,122.800
276,127.600
277,123.400
278,122.900
279,128.500
280,122.800
281,123.300
282,126.500
283,122.700
284,123.000
285,122.900
286,132.100
287,123.800
288,122.900
289,131.100
290,122.500
291,122.400
292,127.300
293,126.500
294,122.900
295,126.600
296,123.500
297,122.100
298,125.400
299,122.900
300,123.200
301,122.900
302,127.500
303,123.400
304,121.800
305,127.200
306,122.600
307,122.200
308,126.000
309,126.300
310,123.000
311,126.600
312,122.600
313,122.800
314,122.800
315,127.800
316,127.100
317,122.200
318,127.100
319,127.000
320,123.200
321,127.200
322,123.300
323,127.400
324,128.200
325,122.900
326,122.900
327,126.200
328,124.800
329,122.100
330,122.100
331,128.100
332,123.500
333,122.100
334,126.500
335,123.400
336,121.300
337,125.500
338,123.500
339,126.200
340,125.800
341,125.000
342,124.000
343,123.900
344,129.500
345,123.800
346,123.400
347,128.400
348,123.300
349,123.200
350,132.600
351,125.300
352,128.800
353,132.400
354,138.600
355,122.200
356,128.600
357,123.100
358,123.100
359,127.300
360,123.300
361,122.800
362,127.100
363,123.300
364,121.700
365,125.000
366,122.900
367,122.700
368,122.600
369,130.300
370,122.700
371,122.900
372,127.400
373,122.500
374,123.300
375,143.200
376,128.100
377,125.800
378,125.200
379,125.800
380,125.600
381,125.500
382,125.700
383,125.700
384,125.700
385,125.600
386,125.600
387,125.600
388,125.600
389,132.000
390,136.000
391,125.800
392,132.300
393,136.200
394,125.400
395,123.500
396,136.600
397,129.100
398,125.800
399,131.200
400,131.800
401,123.500
402,128.900
403,124.800
404,130.800
405,128.500
406,124.900
407,125.700
408,128.800
409,127.700
410,127.700
411,127.500
412,131.000
413,123.800
414,123.000
415,127.400
416,122.500
417,123.000
418,129.100
419,122.300
420,122.300
421,126.600
422,122.500
423,123.000
424,126.300
425,123.100
426,123.000
427,122.900
428,128.100
429,124.800
430,123.200
431,154.400
432,126.900
433,122.700
434,126.700
435,123.300
436,123.300
437,126.100
438,122.500
439,123.100
440,123.200
441,128.400
442,122.700
443,122.300
444,127.400
445,123.000
446,127.100
447,127.100
448,123.700
449,122.300
450,126.400
451,122.400
452,128.900
453,125.200
454,122.800
455,122.300
456,129.900
457,126.900
458,121.900
459,122.200
460,127.200
461,123.400
462,123.500
463,127.200
464,129.400
465,121.700
466,125.400
467,123.200
468,129.000
469,125.600
470,122.100
471,122.900
472,122.400
473,132.100
474,124.100
475,122.500
476,126.700
477,121.700
478,129.200
479,125.700
480,125.800
481,124.300
482,133.500
483,123.300
484,123.900
485,127.100
486,125.900
487,123.100
488,123.100
489,130.100
490,121.900
491,123.200
492,127.700
493,124.100
494,122.400
495,127.300
496,123.700
497,123.000
498,126.800
499,122.800
500,123.100
501,123.200
502,128.300
503,124.800
504,143.400
505,131.000
506,122.600
507,122.700
508,127.200
509,122.900
510,122.900
511,127.100
512,125.300
513,123.300
514,126.700
515,125.600
516,122.600
517,122.600
518,128.000
519,128.100
520,124.000
521,127.800
522,123.400
523,126.900
524,126.200
525,122.000
526,122.800
527,126.200
528,123.900
529,130.300
530,124.400
531,123.100
532,129.800
533,121.500
534,126.500
535,129.300
536,121.900
537,126.500
538,123.400
539,123.900
540,127.500
541,131.500
542,121.400
543,125.600
544,130.200
545,120.700
546,124.200
547,124.600
548,123.400
549,123.300
550,129.900
551,121.700
552,121.700
553,133.100
554,121.700
555,121.200
556,125.400
557,130.400
558,121.600
559,125.300
560,123.400
561,123.300
562,123.400
563,128.200
564,126.300
565,173.900
566,122.500
567,122.100
568,122.100
569,127.800
570,122.200
571,123.000
572,127.500
573,125.300
574,123.000
575,126.800
576,124.700
577,123.200
578,126.800
579,125.300
580,127.200
581,126.000
582,122.800
583,123.200
584,123.200
585,127.800
586,123.700
587,122.000
588,127.500
589,122.300
590,123.000
591,127.200
592,122.800
593,123.200
594,129.800
595,125.700
596,123.200
597,123.100
598,128.200
599,123.000
600,123.000
601,127.600
602,123.900
603,122.900
604,127.500
605,122.800
606,122.300
607,126.200
608,126.700
609,122.600
610,125.900
611,125.600
612,123.300
613,123.100
614,127.800
615,124.800
616,122.300
617,126.700
618,122.400
619,123.100
620,127.100
621,125.200
622,122.500
623,126.300
624,123.100
625,123.300
626,123.400
627,128.300
628,122.500
629,123.300
630,126.500
631,124.800
632,122.300
633,126.900
634,122.500
635,127.100
636,150.800
637,127.400
638,126.200
639,131.600
640,128.200
641,128.300
642,128.200
643,128.200
644,128.200
645,128.200
646,128.400
647,128.400
648,128.500
649,128.900
650,147.900
651,136.700
652,128.000
653,131.000
654,131.100
655,152.900
656,124.200
657,123.400
658,123.000
659,122.900
660,123.300
661,125.800
662,135.000
663,126.400
664,126.300
665,131.800
666,125.200
667,154.100
668,131.100
669,125.600
670,124.200
671,125.700
672,122.900
673,122.800
674,122.800
675,127.600
676,122.800
677,126.300
678,127.400
679,122.800
680,122.700
681,127.100
682,126.100
683,129.000
684,127.600
685,123.800
686,122.800
687,126.200
688,123.700
689,122.900
690,122.900
691,127.800
692,122.800
693,124.700
694,127.900
695,123.000
696,123.000
697,126.900
698,127.200
699,128.100
700,128.100
701,122.800
702,126.700
703,126.400
704,125.000
705,122.300
706,127.400
707,127.300
708,125.600
709,127.400
710,127.300
711,122.700
712,127.600
713,127.800
714,123.500
715,122.300
716,126.500
717,123.000
718,125.000
719,128.000
720,123.500
721,127.800
722,123.200
723,127.900
724,127.300
725,122.800
726,127.400
727,122.800
728,132.800
729,127.000
730,122.900
731,127.300
732,126.800
733,125.800
734,124.300
735,127.500
736,125.500
737,123.900
738,123.900
739,128.200
740,127.200
741,124.400
742,127.300
743,127.300
744,122.800
745,127.000
746,124.100
747,126.600
748,126.300
749,122.800
750,127.000
751,126.000
752,123.000
753,122.900
754,122.900
755,145.000
756,123.300
757,123.100
758,127.200
759,123.200
760,123.000
761,127.400
762,123.400
763,124.300
764,128.500
765,123.100
766,123.100
767,126.300
768,123.500
769,122.300
770,122.300
771,130.700
772,124.800
773,123.000
774,127.600
775,123.100
776,122.300
777,128.100
778,128.400
779,123.100
780,126.900
781,129.500
782,123.200
783,126.400
784,123.000
785,123.400
786,123.400
787,130.500
788,124.900
789,124.200
790,126.400
791,124.200
792,122.300
793,131.200
794,123.400
795,121.800
796,125.800
797,126.600
798,122.800
799,126.200
800,122.500
801,131.700
802,125.200
803,129.700
804,123.600
805,127.900
806,127.900
807,123.100
808,123.200
809,127.300
810,124.900
811,124.000
812,127.400
813,123.000
814,123.000
815,126.300
816,123.000
817,122.400
818,122.300
819,135.200
820,123.100
821,123.300
822,127.600
823,128.900
824,123.300
825,126.700
826,123.000
827,122.300
828,126.100
829,123.200
830,123.100
831,126.300
832,125.200
833,124.800
834,124.000
835,127.300
836,123.200
837,123.100
838,126.900
839,123.100
840,122.300
841,126.500
842,124.900
843,122.300
844,125.800
845,124.300
846,124.700
847,123.100
848,128.500
849,122.400
850,122.300
851,127.000
852,126.100
853,123.400
854,126.900
855,123.500
856,123.500
857,127.000
858,123.700
859,122.300
860,127.700
861,122.400
862,122.300
863,122.400
864,127.800
865,127.900
866,122.900
867,126.500
868,128.500
869,122.700
870,126.000
871,122.900
872,122.900
873,126.300
874,126.900
875,125.300
876,122.800
877,125.000
878,123.900
879,124.300
880,128.600
881,123.100
882,131.900
883,127.600
884,123.100
885,123.100
886,127.200
887,123.600
888,123.300
889,127.100
890,124.000
891,123.800
892,123.800
893,128.200
894,123.100
895,123.100
896,127.800
897,122.500
898,130.500
899,127.300
900,123.000
901,125.000
902,126.900
903,124.800
904,122.900
905,126.400
906,122.700
907,124.700
908,123.400
909,128.100
910,123.900
911,123.000
912,127.600
913,123.000
914,170.400
915,128.100
916,123.100
917,122.300
918,126.300
919,123.400
920,122.000
921,125.200
922,124.100
923,123.600
924,122.900
925,128.000
926,123.900
927,126.700
928,127.600
929,126.000
930,126.900
931,126.900
932,122.500
933,122.100
934,125.900
935,122.200
936,122.100
937,122.100
938,126.900
939,122.100
940,122.100
941,127.100
942,122.300
943,126.300
944,126.400
945,123.100
946,122.300
947,126.100
948,123.900
949,124.200
950,127.400
951,130.100
952,123.200
953,123.200
954,132.200
955,122.700
956,122.900
957,126.700
958,122.800
959,126.200
960,126.500
961,122.300
962,123.100
963,126.600
964,123.800
965,123.000
966,122.600
967,127.100
968,128.200
969,121.700
970,126.200
971,122.000
972,127.100
973,126.700
974,122.000
975,126.200
976,125.700
977,122.800
978,122.200
979,125.700
980,124.300
981,122.700
982,122.700
983,126.400
984,122.700
985,122.600
986,126.800
987,122.400
988,122.600
989,133.400
990,122.900
991,122.800
992,126.200
993,126.800
994,122.400
995,122.300
996,127.300
997,123.100
998,123.200
999,127.800
