0,242.600
1,256.300
2,126.300
3,132.600
4,127.000
5,126.500
6,129.600
7,125.800
8,125.900
9,136.400
10,134.900
11,126.800
12,124.200
13,123.800
14,131.900
15,134.100
16,126.800
17,132.700
18,250.800
19,214.300
20,475.300
21,153.900
22,164.000
23,153.900
24,181.700
25,158.500
26,167.600
27,159.000
28,159.800
29,164.300
30,158.200
31,165.800
32,163.100
33,157.400
34,157.400
35,169.400
36,157.900
37,157.900
38,163.000
39,162.400
40,158.100
41,158.200
42,164.700
43,158.600
44,125.800
45,130.300
46,125.800
47,125.200
48,129.700
49,126.100
50,125.200
51,129.200
52,126.000
53,125.800
54,125.800
55,127.800
56,125.500
57,124.800
58,130.700
59,130.800
60,125.200
61,130.400
62,125.900
63,125.900
64,129.600
65,127.600
66,125.800
67,129.900
68,123.200
69,123.100
70,123.100
71,127.900
72,125.800
73,123.200
74,127.700
75,125.000
76,123.400
77,127.400
78,123.100
79,122.400
80,127.100
81,123.500
82,123.100
83,126.300
84,123.600
85,123.100
86,124.400
87,127.000
88,123.200
89,123.100
90,126.900
91,122.800
92,122.900
93,126.700
94,123.600
95,126.600
96,125.700
97,122.400
98,126.900
99,122.400
100,130.500
101,122.700
102,122.800
103,132.000
104,122.300
105,122.800
106,126.500
107,127.000
108,122.900
109,126.600
110,122.800
111,122.800
112,126.000
113,122.900
114,122.900
115,122.800
116,130.000
117,125.100
118,123.100
119,131.300
120,122.900
121,122.900
122,130.600
123,122.100
124,122.100
125,125.700
126,122.800
127,122.800
128,126.900
129,122.800
130,125.800
131,124.700
132,127.800
133,124.200
134,135.800
135,142.100
136,122.600
137,121.500
138,128.100
139,124.600
140,123.600
141,128.900
142,123.900
143,128.300
144,130.500
145,123.400
146,122.400
147,122.400
148,131.500
149,122.900
150,122.600
151,129.200
152,123.000
153,123.500
154,127.100
155,123.000
156,122.400
157,126.300
158,122.800
159,126.100
160,126.800
161,123.500
162,129.000
163,122.300
164,127.300
165,122.400
166,122.800
167,127.500
168,122.200
169,122.900
170,125.900
171,123.200
172,122.700
173,125.600
174,122.100
175,125.000
176,122.200
177,127.200
178,122.000
179,122.400
180,126.100
181,128.000
182,124.400
183,127.700
184,128.100
185,123.200
186,126.600
187,123.100
188,122.300
189,129.600
190,122.600
191,122.300
192,122.400
193,127.800
194,122.300
195,122.300
196,127.200
197,123.100
198,123.300
199,126.800
200,124.300
201,123.200
202,126.400
203,123.400
204,123.300
205,129.200
206,122.700
207,123.300
208,123.100
209,127.700
210,127.600
211,122.400
212,127.100
213,122.300
214,126.800
215,126.500
216,124.600
217,122.900
218,126.200
219,123.100
220,123.100
221,126.400
222,128.200
223,123.000
224,122.800
225,127.300
226,124.100
227,124.900
228,127.500
229,122.600
230,123.500
231,126.600
232,123.000
233,122.600
234,125.800
235,126.400
236,124.100
237,122.300
238,127.100
239,123.600
240,123.000
241,127.300
242,123.200
243,123.200
244,126.900
245,123.300
246,123.500
247,126.800
248,123.200
249,130.000
250,130.700
251,123.200
252,122.900
253,123.300
254,133.600
255,137.100
256,126.200
257,131.500
258,123.800
259,123.800
260,124.600
261,124.600
262,181.500
263,125.300
264,132.600
265,123.500
266,128.700
267,130.000
268,125.500
269,171.300
270,125.700
271,135.800
272,127.200
273,137.800
274,128.600
275,126.400
276,125.900
277,125.900
278,125.900
279,125.900
280,136.000
281,126.000
282,125.800
283,132.500
284,131.600
285,127.900
286,130.100
287,125.600
288,125.800
289,128.500
290,123.900
291,123.000
292,123.600
293,127.100
294,122.500
295,123.200
296,127.000
297,122.500
298,123.200
299,126.000
300,127.700
301,124.400
302,127.000
303,123.100
304,123.400
305,122.600
306,132.700
307,123.200
308,123.100
309,126.900
310,132.900
311,125.100
312,126.300
313,121.300
314,125.800
315,125.400
316,122.000
317,122.600
318,125.300
319,122.200
320,122.600
321,122.000
322,126.900
323,180.100
324,125.900
325,122.200
326,122.700
327,122.200
328,126.100
329,126.300
330,122.600
331,126.500
332,122.300
333,123.000
334,125.300
335,122.400
336,122.700
337,125.600
338,122.700
339,122.600
340,122.400
341,133.000
342,124.000
343,127.800
344,131.200
345,122.200
346,123.000
347,126.600
348,122.400
349,122.900
350,126.300
351,125.900
352,123.700
353,128.600
354,123.200
355,127.500
356,122.800
357,128.300
358,127.700
359,123.300
360,127.900
361,123.600
362,123.100
363,126.900
364,126.800
365,122.300
366,126.000
367,128.300
368,123.000
369,126.400
370,122.800
371,122.700
372,130.400
373,128.300
374,122.900
375,123.100
376,132.300
377,123.100
378,123.100
379,131.700
380,123.400
381,123.400
382,127.000
383,129.500
384,122.800
385,125.900
386,123.100
387,125.900
388,127.600
389,127.300
390,123.000
391,126.900
392,127.700
393,123.200
394,123.100
395,133.200
396,123.200
397,123.000
398,127.300
399,134.200
400,167.400
401,149.700
402,128.200
403,133.600
404,133.500
405,128.700
406,128.900
407,132.400
408,130.900
409,128.100
410,128.000
411,133.900
412,128.100
413,128.800
414,138.600
415,128.800
416,129.700
417,132.900
418,129.800
419,127.700
420,132.200
421,126.500
422,126.700
423,126.900
424,131.200
425,126.000
426,126.000
427,129.500
428,125.800
429,125.700
430,133.800
431,125.000
432,126.000
433,129.000
434,125.800
435,125.400
436,129.000
437,128.500
438,126.100
439,126.200
440,130.900
441,126.400
442,126.100
443,129.900
444,125.200
445,128.700
446,129.400
447,126.500
448,126.700
449,129.900
450,127.400
451,123.100
452,122.900
453,128.200
454,126.100
455,123.800
456,128.000
457,123.500
458,123.600
459,127.000
460,122.800
461,126.000
462,127.400
463,125.100
464,122.900
465,126.200
466,122.300
467,122.300
468,122.400
469,127.700
470,122.900
471,122.700
472,127.700
473,123.100
474,123.500
475,130.000
476,122.900
477,123.100
478,126.000
479,123.900
480,123.700
481,123.600
482,128.100
483,123.500
484,122.400
485,127.500
486,123.900
487,122.300
488,127.000
489,122.300
490,122.400
491,130.300
492,123.000
493,123.200
494,126.500
495,156.700
496,123.900
497,123.400
498,128.200
499,123.100
