0,177.700
1,177.100
2,205.800
3,252.300
4,233.100
5,244.000
6,221.000
7,219.100
8,165.000
9,156.300
10,162.900
11,151.000
12,151.700
13,142.000
14,156.400
15,138.000
16,138.500
17,142.000
18,134.200
19,134.100
20,139.500
21,140.400
22,137.100
23,134.100
24,134.100
25,151.500
26,150.300
27,147.200
28,168.900
29,204.300
30,197.000
31,196.500
32,195.200
33,189.700
34,182.100
35,176.200
36,167.900
37,173.100
38,167.500
39,159.500
40,161.700
41,163.000
42,158.900
43,151.700
44,145.500
45,146.600
46,142.400
47,137.900
48,137.800
49,142.800
50,133.200
51,129.400
52,132.000
53,132.600
54,127.500
55,129.900
56,133.400
57,116.700
58,116.700
59,114.300
60,115.000
61,113.500
62,113.400
63,111.000
64,108.100
65,103.700
66,108.200
67,100.500
68,104.400
69,103.600
70,105.800
71,101.400
72,104.400
73,106.700
74,101.300
75,103.600
76,105.000
77,103.700
78,101.400
79,101.400
80,106.400
81,103.600
82,101.400
83,104.400
84,101.300
85,101.300
86,101.300
87,104.400
88,101.300
89,103.400
90,101.400
91,104.500
92,101.800
93,101.800
94,101.800
95,104.700
96,172.900
97,104.700
98,100.000
99,105.500
100,102.200
101,105.800
102,101.200
103,105.200
104,101.900
105,108.300
106,105.400
107,101.700
108,101.400
109,101.600
110,105.200
111,103.400
112,101.100
113,101.200
114,104.500
115,101.500
116,101.500
117,101.500
118,104.400
119,101.400
120,101.400
121,101.200
122,105.700
123,100.700
124,103.200
125,102.900
126,106.000
127,101.600
128,101.300
129,101.300
130,106.300
131,103.000
132,101.200
133,102.000
134,110.600
135,101.100
136,101.000
137,104.700
138,101.400
139,154.400
140,125.100
141,102.600
142,103.000
143,105.200
144,114.400
145,106.000
146,136.300
147,103.200
148,162.200
149,103.900
150,104.400
151,104.300
152,107.600
153,110.800
154,105.900
155,103.700
156,107.100
157,103.700
158,103.700
159,107.100
160,103.700
161,103.700
162,103.600
163,107.100
164,102.600
165,103.000
166,103.000
167,106.300
168,105.700
169,103.500
170,105.700
171,106.900
172,106.100
173,103.600
174,103.500
175,107.300
176,102.600
177,103.000
178,102.500
179,480.600
180,107.800
181,101.400
182,101.300
183,104.600
184,101.400
185,105.400
186,101.400
187,104.400
188,106.400
189,101.400
190,100.900
191,104.400
192,193.800
193,102.400
194,102.400
195,105.700
196,108.300
197,102.300
198,105.500
199,103.600
200,105.800
201,101.400
202,104.500
203,108.400
204,103.600
205,101.300
206,104.500
207,105.800
208,101.300
209,101.400
210,104.500
211,103.600
212,101.400
213,101.400
214,104.500
215,100.300
216,100.200
217,100.200
218,104.100
219,105.800
220,101.300
221,101.300
222,104.500
223,108.700
224,100.200
225,100.700
226,104.500
227,103.400
228,101.200
229,101.100
230,104.300
231,103.400
232,101.200
233,104.200
234,101.200
235,101.100
236,101.200
237,104.600
238,107.100
239,102.900
240,101.600
241,411.900
242,101.100
243,130.700
244,101.600
245,105.100
246,104.800
247,100.500
248,100.500
249,104.500
250,101.000
251,101.500
252,117.700
253,103.800
254,107.500
255,103.700
256,103.800
257,103.500
258,108.000
259,103.400
260,103.500
261,103.500
262,103.400
263,103.400
264,103.800
265,115.000
266,103.000
267,103.000
268,102.900
269,103.000
270,102.300
271,102.900
272,103.000
273,103.000
274,107.000
275,103.700
276,103.600
277,103.700
278,111.300
279,103.000
280,103.500
281,103.400
282,102.300
283,102.500
284,103.000
285,102.300
286,103.000
287,102.300
288,103.000
289,103.000
290,112.600
291,103.900
292,103.900
293,103.900
294,114.400
295,106.800
296,104.600
297,104.600
298,107.300
299,106.800
300,104.500
301,104.600
302,107.000
303,104.400
304,102.300
305,102.200
306,104.500
307,101.400
308,101.400
309,101.400
310,105.900
311,102.300
312,102.200
313,105.200
314,104.500
315,102.300
316,102.200
317,106.500
318,102.300
319,102.300
320,102.300
321,105.000
322,101.400
323,101.400
324,103.500
325,105.400
326,101.100
327,101.100
328,101.100
329,105.400
330,103.600
331,101.400
332,101.400
333,108.600
334,101.400
335,101.400
336,101.400
337,104.400
338,100.700
339,101.100
340,101.100
341,104.300
342,101.100
343,101.100
344,101.100
345,104.200
346,100.200
347,100.600
348,100.700
349,104.100
350,100.000
351,110.100
352,105.200
353,100.500
354,101.100
355,105.600
356,104.300
357,102.000
358,104.200
359,102.000
360,106.100
361,101.200
362,101.100
363,101.100
364,104.300
365,107.600
366,101.100
367,101.200
368,106.000
369,107.700
370,100.900
371,101.200
372,104.200
373,101.100
374,105.600
375,101.100
376,104.200
377,103.400
378,104.800
379,100.700
380,104.200
381,103.300
382,105.500
383,104.200
384,100.400
385,104.400
386,105.100
387,103.700
388,101.200
389,101.100
390,101.100
391,114.000
392,105.900
393,100.800
394,100.200
395,104.200
396,108.700
397,102.200
398,102.200
399,105.100
400,100.700
401,101.100
402,102.100
403,111.000
404,104.800
405,100.400
406,100.300
407,103.700
408,101.200
409,101.300
410,101.500
411,105.100
412,101.400
413,101.300
414,102.000
415,105.000
416,101.100
417,101.200
418,104.500
419,103.800
420,101.400
421,101.400
422,105.000
423,104.100
424,100.300
425,100.700
426,104.100
427,101.400
428,101.400
429,101.400
430,104.500
431,101.500
432,101.400
433,101.800
434,105.100
435,101.400
436,100.700
437,280.600
438,103.400
439,103.400
440,103.000
441,103.000
442,103.100
443,103.000
444,103.000
445,103.100
446,103.000
447,103.800
448,103.100
449,103.000
450,103.000
451,103.200
452,103.000
453,103.000
454,109.700
455,103.700
456,103.600
457,103.700
458,110.700
459,103.700
460,103.700
461,103.700
462,108.500
463,105.900
464,103.700
465,103.700
466,106.900
467,106.800
468,104.600
469,104.500
470,107.200
471,106.900
472,107.400
473,103.700
474,107.100
475,106.000
476,105.600
477,103.400
478,106.900
479,103.700
480,103.600
481,103.600
482,106.700
483,103.600
484,103.600
485,103.700
486,104.200
487,101.200
488,101.100
489,105.800
490,101.100
491,101.200
492,101.200
493,104.200
494,100.300
495,101.400
496,101.300
497,104.400
498,100.300
499,100.300
