0,4184
1,207
2,164
3,215
4,158
5,179
6,170
7,175
8,171
9,177
10,167
11,165
12,169
13,156
14,170
15,174
16,163
17,170
18,166
19,174
20,175
21,171
22,168
23,168
24,168
25,168
26,167
27,167
28,165
29,147
30,165
31,165
32,180
33,160
34,157
35,167
36,171
37,167
38,164
39,170
40,169
41,222
42,162
43,164
44,152
45,171
46,177
47,168
48,163
49,164
50,178
51,168
52,215
53,162
54,164
55,181
56,158
57,165
58,163
59,291
60,307
61,318
62,281
63,289
64,314
65,241
66,208
67,180
68,199
69,175
70,274
71,165
72,159
73,166
74,177
75,162
76,154
77,161
78,169
79,166
80,151
81,158
82,153
83,2744
84,182
85,142
86,176
87,163
88,162
89,154
90,154
91,134
92,166
93,158
94,179
95,161
96,136
97,134
98,161
99,159
100,119
101,156
102,191
103,208
104,203
105,222
106,216
107,213
108,217
109,220
110,220
111,216
112,221
113,217
114,235
115,219
116,224
117,222
118,209
119,212
120,207
121,219
122,219
123,234
124,230
125,226
126,231
127,237
128,233
129,224
130,227
131,225
132,205
133,234
134,158
135,184
136,153
137,122
138,124
139,122
140,123
141,124
142,125
143,124
144,120
145,134
146,131
147,129
148,130
149,130
150,129
151,130
152,130
153,129
154,130
155,130
156,129
157,129
158,193
159,159
160,123
161,121
162,121
163,121
164,126
165,119
166,121
167,133
168,159
169,129
170,130
171,130
172,127
173,126
174,128
175,132
176,126
177,126
178,127
179,123
180,123
181,125
182,124
183,157
184,153
185,150
186,149
187,175
188,164
189,166
190,163
191,334
192,279
193,212
194,162
195,174
196,219
197,241
198,178
199,165
200,160
201,203
202,215
203,247
204,184
205,176
206,170
207,170
208,196
209,168
210,181
211,181
212,165
213,161
214,164
215,177
216,163
217,176
218,354
219,164
220,273
221,259
222,264
223,242
224,175
225,174
226,167
227,165
228,170
229,187
230,168
231,177
232,171
233,176
234,179
235,173
236,179
237,172
238,173
239,186
240,167
241,171
242,159
243,178
244,165
245,178
246,169
247,173
248,192
249,207
250,171
251,171
252,180
253,162
254,168
255,179
256,318
257,241
258,205
259,190
260,174
261,172
262,202
263,174
264,193
265,166
266,184
267,212
268,170
269,185
270,184
271,202
272,191
273,186
274,197
275,179
276,2322
277,127
278,176
279,139
280,105
281,110
282,121
283,106
284,107
285,121
286,105
287,116
288,114
289,121
290,127
291,118
292,113
293,106
294,119
295,110
296,115
297,117
298,164
299,174
300,177
301,174
302,141
303,132
304,131
305,133
306,126
307,126
308,129
309,127
310,127
311,128
312,127
313,128
314,126
315,127
316,127
317,128
318,127
319,191
320,136
321,136
322,133
323,137
324,135
325,135
326,134
327,134
328,135
329,134
330,135
331,134
332,145
333,132
334,133
335,133
336,133
337,156
338,137
339,133
340,132
341,133
342,131
343,131
344,131
345,131
346,131
347,135
348,126
349,127
350,127
351,129
352,126
353,127
354,127
355,127
356,126
357,126
358,128
359,127
360,128
361,127
362,132
363,108
364,108
365,116
366,118
367,105
368,105
369,119
370,105
371,114
372,113
373,116
374,105
375,118
376,118
377,119
378,118
379,109
380,115
381,132
382,171
383,205
384,188
385,207
386,171
387,197
388,152
389,121
390,126
391,122
392,123
393,135
394,127
395,127
396,127
397,185
398,127
399,130
400,129
401,133
402,129
403,132
404,137
405,137
406,141
407,135
408,130
409,134
410,131
411,137
412,189
413,141
414,146
415,130
416,144
417,170
418,158
419,161
420,170
421,194
422,399
423,284
424,247
425,222
426,178
427,225
428,163
429,141
430,130
431,136
432,138
433,143
434,124
435,127
436,128
437,120
438,133
439,120
440,123
441,115
442,117
443,125
444,121
445,122
446,111
447,111
448,115
449,129
450,138
451,135
452,134
453,130
454,133
455,131
456,132
457,135
458,126
459,126
460,127
461,127
462,127
463,128
464,126
465,136
466,128
467,130
468,128
469,127
470,127
471,125
472,127
473,127
474,126
475,126
476,128
477,127
478,126
479,169
480,307
481,136
482,187
483,174
484,169
485,185
486,169
487,200
488,171
489,194
490,200
491,194
492,217
493,184
494,181
495,254
496,204
497,220
498,180
499,191
