0,451
1,6
2,3
3,134
4,3
5,3
6,4
7,3
8,3
9,3
10,7
11,4
12,5
13,3
14,3
15,4
16,4
17,10
18,3
19,3
20,3
21,4
22,5
23,4
24,3
25,3
26,11
27,3
28,3
29,3
30,3
31,3
32,3
33,4
34,3
35,3
36,3
37,4
38,3
39,3
40,3
41,3
42,3
43,3
44,3
45,3
46,3
47,3
48,4
49,4
50,3
51,4
52,3
53,3
54,3
55,3
56,3
57,3
58,3
59,3
60,8
61,16
62,3
63,3
64,3
65,4
66,8
67,3
68,3
69,3
70,3
71,3
72,3
73,5
74,3
75,3
76,4
77,3
78,7
79,2
80,2
81,2
82,2
83,2
84,2
85,2
86,2
87,2
88,2
89,2
90,2
91,7
92,2
93,2
94,2
95,2
96,2
97,2
98,2
99,2
100,2
101,2
102,2
103,2
104,2
105,2
106,2
107,2
108,2
109,3
110,2
111,2
112,2
113,2
114,2
115,2
116,2
117,2
118,2
119,4
120,2
121,2
122,2
123,2
124,2
125,2
126,2
127,8
128,2
129,2
130,2
131,1
132,1
133,2
134,2
135,1
136,1
137,1
138,2
139,1
140,2
141,2
142,1
143,1
144,2
145,1
146,1
147,1
148,1
149,2
150,2
151,2
152,2
153,2
154,2
155,2
156,1
157,1
158,2
159,1
160,2
161,2
162,2
163,3
164,2
165,2
166,1
167,2
168,2
169,2
170,2
171,2
172,2
173,1
174,1
175,1
176,2
177,1
178,2
179,2
180,2
181,1
182,5
183,1
184,1
185,1
186,2
187,2
188,1
189,1
190,1
191,1
192,1
193,1
194,1
195,2
196,1
197,1
198,1
199,6
200,1
201,2
202,3
203,1
204,2
205,2
206,1
207,1
208,2
209,2
210,1
211,1
212,1
213,1
214,2
215,1
216,1
217,2
218,2
219,2
220,2
221,1
222,2
223,1
224,1
225,1
226,1
227,2
228,1
229,1
230,6
231,1
232,2
233,1
234,1
235,1
236,2
237,1
238,1
239,1
240,1
241,2
242,2
243,1
244,3
245,1
246,2
247,1
248,1
249,1
250,1
251,2
252,2
253,2
254,1
255,1
256,2
257,1
258,1
259,1
260,1
261,3
262,1
263,2
264,1
265,1
266,2
267,1
268,2
269,2
270,2
271,2
272,2
273,2
274,2
275,2
276,2
277,1
278,2
279,2
280,1
281,2
282,1
283,2
284,1
285,1
286,1
287,2
288,1
289,2
290,1
291,1
292,2
293,1
294,3
295,2
296,2
297,2
298,1
299,1
300,1
301,2
302,2
303,2
304,6
305,1
306,1
307,6
308,1
309,4
310,2
311,1
312,1
313,1
314,2
315,11
316,0
317,0
318,0
319,0
320,1
321,0
322,0
323,0
324,2
325,0
326,0
327,0
328,0
329,0
330,0
331,0
332,1
333,0
334,0
335,0
336,0
337,0
338,0
339,1
340,0
341,0
342,0
343,0
344,0
345,0
346,0
347,0
348,0
349,0
350,0
351,0
352,0
353,0
354,1
355,1
356,0
357,0
358,0
359,0
360,0
361,0
362,0
363,0
364,0
365,0
366,4
367,0
368,0
369,0
370,0
371,0
372,0
373,0
374,0
375,1
376,2
377,0
378,0
379,0
380,0
381,0
382,0
383,0
384,0
385,0
386,0
387,0
388,0
389,0
390,1
391,0
392,0
393,0
394,0
395,0
396,0
397,0
398,0
399,0
400,0
401,0
402,0
403,0
404,0
405,1
406,0
407,0
408,0
409,0
410,0
411,0
412,0
413,0
414,0
415,0
416,0
417,0
418,0
419,0
420,1
421,0
422,0
423,0
424,0
425,0
426,0
427,0
428,0
429,0
430,0
431,0
432,0
433,0
434,0
435,1
436,0
437,0
438,0
439,0
440,0
441,0
442,0
443,0
444,0
445,0
446,0
447,0
448,0
449,0
450,1
451,0
452,0
453,0
454,0
455,0
456,0
457,0
458,0
459,0
460,0
461,0
462,0
463,0
464,0
465,1
466,0
467,0
468,0
469,0
470,0
471,0
472,5
473,0
474,0
475,0
476,0
477,0
478,0
479,0
480,1
481,0
482,0
483,0
484,0
485,0
486,0
487,0
488,0
489,0
490,0
491,0
492,0
493,0
494,0
495,1
496,0
497,0
498,0
499,0
