0,32.600
1,32.400
2,32.300
3,32.400
4,32.400
5,32.400
6,32.300
7,32.400
8,32.400
9,32.300
10,32.400
11,32.300
12,32.400
13,32.400
14,37.100
15,32.400
16,32.300
17,32.300
18,32.400
19,32.400
20,32.400
21,32.400
22,32.400
23,32.400
24,32.400
25,32.300
26,32.300
27,32.300
28,32.400
29,32.300
30,33.700
31,32.300
32,32.300
33,32.300
34,32.400
35,32.400
36,32.400
37,32.400
38,32.400
39,32.400
40,32.400
41,32.300
42,32.300
43,32.400
44,32.400
45,32.500
46,43.900
47,33.500
48,33.500
49,33.500
50,33.400
51,33.500
52,33.400
53,33.500
54,34.600
55,34.600
56,34.600
57,34.500
58,34.600
59,34.500
60,34.600
61,34.900
62,35.800
63,35.800
64,35.800
65,36.100
66,36.900
67,36.300
68,37.400
69,38.100
70,38.000
71,37.000
72,35.800
73,35.800
74,35.900
75,35.900
76,35.800
77,35.800
78,35.800
79,37.000
80,37.100
81,37.200
82,37.200
83,37.100
84,37.200
85,37.100
86,37.200
87,37.500
88,38.500
89,38.600
90,38.600
91,38.600
92,38.600
93,38.600
94,38.700
95,38.500
96,38.600
97,38.600
98,38.500
99,44.600
100,38.600
101,38.600
102,37.200
103,37.100
104,37.100
105,1638.400
106,35.000
107,35.300
108,34.900
109,161.800
110,37.900
111,90.500
112,75.700
113,35.100
114,35.700
115,35.500
116,51.500
117,67.300
118,36.400
119,37.500
120,37.800
121,43.500
122,35.300
123,54.100
124,37.000
125,85.900
126,42.600
127,36.800
128,35.200
129,48.400
130,37.300
131,36.800
132,36.200
133,37.100
134,37.600
135,37.300
136,38.600
137,35.800
138,35.800
139,80.600
140,37.600
141,101.400
142,35.900
143,34.600
144,34.600
145,34.600
146,34.600
147,34.600
148,34.600
149,35.500
150,33.400
151,33.400
152,33.500
153,33.400
154,33.500
155,33.400
156,33.500
157,33.500
158,33.500
159,33.400
160,33.500
161,33.400
162,33.400
163,33.500
164,33.400
165,33.500
166,33.500
167,33.400
168,33.500
169,33.500
170,33.400
171,33.400
172,33.500
173,33.500
174,33.400
175,33.600
176,32.400
177,32.400
178,32.400
179,32.400
180,32.400
181,32.400
182,32.400
183,32.400
184,32.400
185,32.400
186,32.400
187,32.400
188,32.400
189,37.200
190,32.400
191,32.400
192,32.400
193,32.400
194,32.300
195,32.400
196,32.400
197,32.400
198,32.400
199,32.400
200,32.300
201,32.300
202,37.100
203,32.300
204,32.300
205,32.400
206,32.400
207,32.400
208,32.300
209,32.400
210,32.400
211,32.400
212,32.400
213,32.400
214,32.400
215,32.400
216,32.400
217,32.400
218,32.400
219,32.400
220,32.400
221,32.400
222,32.400
223,32.400
224,33.700
225,32.300
226,32.300
227,32.300
228,32.400
229,32.400
230,32.400
231,32.400
232,32.300
233,32.400
234,32.400
235,32.400
236,32.400
237,32.400
238,32.400
239,32.400
240,32.400
241,32.400
242,32.400
243,32.400
244,36.200
245,32.300
246,32.400
247,32.400
248,32.300
249,32.300
250,32.400
251,32.400
252,32.400
253,32.400
254,32.400
255,32.400
256,32.300
257,32.300
258,32.400
259,32.400
260,32.400
261,32.400
262,32.400
263,32.400
264,32.400
265,32.400
266,32.300
267,32.400
268,32.400
269,32.400
270,32.300
271,32.300
272,32.400
273,32.400
274,32.400
275,32.300
276,32.400
277,32.300
278,32.300
279,32.300
280,32.300
281,32.300
282,32.400
283,32.400
284,32.400
285,32.400
286,32.300
287,32.300
288,32.300
289,32.300
290,32.300
291,32.300
292,32.400
293,32.400
294,32.400
295,32.400
296,32.400
297,32.300
298,32.400
299,32.400
300,32.400
301,32.400
302,32.400
303,32.400
304,35.900
305,32.300
306,32.400
307,32.400
308,32.300
309,32.400
310,32.400
311,33.000
312,31.400
313,31.400
314,36.100
315,31.400
316,31.400
317,31.300
318,31.400
319,31.400
320,31.500
321,31.300
322,31.300
323,31.600
324,32.200
325,31.900
326,37.400
327,47.000
328,41.100
329,41.400
330,41.000
331,36.100
332,45.600
333,32.200
334,71.700
335,47.700
336,33.900
337,38.100
338,36.300
339,33.700
340,39.400
341,33.700
342,34.000
343,33.500
344,33.400
345,42.600
346,33.200
347,33.400
348,32.900
349,33.300
350,33.400
351,34.100
352,33.700
353,33.000
354,34.000
355,33.600
356,40.400
357,33.600
358,33.100
359,33.400
360,32.900
361,32.400
362,32.400
363,32.400
364,32.300
365,37.200
366,32.400
367,32.400
368,32.400
369,32.300
370,32.300
371,32.600
372,32.400
373,47.500
374,38.000
375,33.700
376,34.000
377,32.000
378,31.300
379,31.300
380,31.400
381,31.400
382,31.400
383,31.700
384,32.300
385,32.400
386,32.400
387,32.300
388,32.400
389,32.400
390,32.400
391,32.400
392,36.400
393,32.400
394,32.400
395,32.400
396,32.400
397,32.300
398,32.300
399,32.400
400,32.400
401,32.400
402,32.400
403,32.400
404,32.400
405,32.400
406,32.400
407,32.300
408,32.400
409,32.400
410,32.400
411,32.400
412,32.300
413,32.400
414,32.400
415,32.400
416,42.400
417,32.400
418,36.700
419,32.300
420,32.400
421,32.400
422,32.300
423,32.400
424,32.400
425,32.400
426,32.400
427,32.300
428,32.300
429,32.300
430,32.300
431,36.300
432,32.400
433,32.400
434,32.300
435,32.400
436,32.300
437,32.400
438,32.400
439,32.300
440,32.400
441,32.400
442,32.400
443,32.400
444,32.500
445,48.500
446,33.800
447,35.400
448,35.700
449,33.400
450,33.700
451,32.900
452,32.300
453,32.400
454,32.400
455,37.200
456,32.300
457,32.300
458,32.400
459,32.400
460,32.400
461,32.400
462,32.400
463,32.400
464,32.400
465,32.400
466,32.300
467,32.300
468,32.400
469,32.400
470,32.300
471,32.300
472,32.400
473,32.300
474,32.400
475,37.100
476,32.400
477,32.300
478,32.400
479,32.400
480,32.400
481,32.300
482,32.400
483,32.400
484,32.300
485,32.400
486,32.400
487,37.200
488,32.300
489,32.300
490,32.400
491,32.400
492,32.400
493,32.300
494,32.400
495,41.500
496,32.400
497,32.300
498,32.400
499,32.400
500,37.100
501,32.400
502,32.400
503,1533.700
504,32.700
505,34.400
506,34.200
507,33.500
508,33.700
509,34.300
510,35.500
511,33.900
512,32.700
513,32.800
514,33.500
515,33.000
516,33.000
517,33.100
518,32.800
519,33.400
520,33.700
521,32.400
522,32.800
523,36.600
524,34.000
525,33.600
526,32.900
527,33.000
528,33.500
529,32.400
530,32.800
531,32.900
532,33.500
533,32.400
534,32.900
535,33.200
536,33.200
537,74.700
538,33.000
539,33.200
540,32.300
541,32.400
542,32.400
543,32.300
544,32.400
545,32.300
546,39.900
547,32.400
548,32.300
549,32.400
550,32.300
551,32.300
552,32.300
553,32.300
554,32.300
555,32.400
556,32.400
557,32.400
558,32.300
559,32.300
560,32.300
561,32.400
562,32.400
563,32.300
564,32.300
565,32.300
566,32.300
567,32.300
568,32.400
569,32.300
570,32.400
571,32.400
572,32.400
573,32.400
574,32.400
575,32.400
576,32.400
577,32.300
578,32.300
579,32.400
580,32.300
581,32.300
582,32.300
583,32.300
584,32.300
585,32.400
586,32.400
587,32.300
588,32.300
589,32.400
590,32.400
591,32.400
592,32.400
593,32.400
594,33.000
595,32.300
596,32.400
597,36.400
598,32.300
599,32.400
600,32.300
601,32.300
602,32.300
603,32.400
604,37.500
605,32.400
606,32.400
607,32.300
608,32.300
609,36.000
610,32.800
611,32.400
612,32.400
613,32.300
614,32.300
615,32.400
616,32.400
617,32.300
618,32.400
619,32.400
620,32.400
621,32.400
622,36.100
623,32.300
624,32.400
625,32.300
626,32.300
627,32.400
628,32.400
629,32.400
630,32.400
631,32.400
632,32.400
633,32.400
634,32.300
635,32.400
636,32.400
637,32.300
638,32.400
639,32.300
640,32.400
641,32.300
642,32.400
643,32.400
644,44.900
645,32.800
646,33.100
647,32.600
648,32.700
649,33.000
650,32.500
651,33.300
652,33.700
653,33.000
654,37.100
655,32.800
656,32.900
657,33.600
658,33.000
659,33.400
660,33.600
661,33.400
662,33.500
663,32.700
664,33.500
665,33.400
666,32.900
667,42.800
668,33.700
669,33.400
670,32.400
671,32.400
672,32.400
673,32.300
674,33.200
675,31.400
676,31.400
677,31.300
678,31.300
679,36.200
680,31.300
681,31.300
682,31.400
683,31.400
684,31.300
685,31.400
686,31.300
687,31.400
688,31.300
689,31.400
690,31.300
691,42.800
692,50.300
693,31.400
694,37.800
695,31.400
696,31.300
697,31.400
698,31.300
699,31.300
700,31.300
701,32.700
702,31.400
703,31.400
704,32.100
705,36.100
706,31.300
707,31.400
708,31.400
709,31.300
710,31.400
711,31.300
712,31.400
713,31.400
714,31.400
715,31.300
716,31.400
717,31.300
718,36.100
719,31.300
720,31.400
721,31.400
722,31.300
723,31.400
724,31.400
725,31.300
726,31.300
727,31.400
728,31.300
729,31.400
730,31.400
731,32.700
732,31.400
733,31.300
734,31.300
735,31.400
736,31.300
737,31.300
738,31.400
739,31.300
740,31.300
741,31.400
742,31.400
743,31.300
744,31.400
745,31.400
746,31.400
747,31.400
748,31.300
749,31.400
750,31.400
751,31.300
752,31.400
753,31.300
754,31.400
755,31.400
756,31.400
757,31.300
758,31.400
759,31.300
760,31.300
761,31.300
762,31.400
763,31.400
764,31.300
765,31.400
766,31.400
767,31.400
768,31.300
769,31.300
770,31.400
771,31.400
772,31.300
773,31.300
774,31.400
775,31.400
776,31.300
777,31.300
778,31.300
779,31.400
780,31.300
781,31.400
782,31.300
783,31.400
784,31.400
785,31.300
786,31.400
787,31.300
788,31.300
789,31.400
790,31.400
791,32.700
792,31.300
793,31.400
794,31.300
795,31.300
796,31.400
797,31.300
798,31.400
799,31.300
800,31.400
801,31.400
802,31.300
803,31.400
804,31.300
805,31.400
806,31.400
807,31.300
808,31.400
809,31.300
810,31.400
811,31.300
812,31.400
813,31.300
814,31.400
815,35.600
816,31.300
817,31.300
818,31.400
819,31.400
820,31.300
821,31.300
822,36.100
823,31.400
824,31.300
825,31.400
826,31.300
827,31.300
828,31.300
829,31.400
830,31.400
831,31.300
832,31.300
833,31.300
834,31.400
835,36.100
836,31.400
837,31.300
838,31.300
839,31.400
840,31.300
841,31.400
842,31.300
843,31.400
844,31.300
845,31.400
846,31.300
847,31.300
848,31.400
849,31.300
850,31.400
851,31.300
852,31.400
853,31.300
854,31.300
855,31.400
856,31.400
857,31.400
858,31.300
859,31.400
860,31.300
861,31.400
862,31.400
863,31.300
864,31.400
865,31.300
866,31.400
867,31.300
868,31.400
869,31.300
870,31.400
871,31.300
872,31.400
873,31.300
874,31.300
875,31.400
876,35.200
877,31.300
878,31.400
879,31.400
880,31.300
881,31.400
882,31.300
883,31.400
884,31.300
885,31.400
886,31.400
887,31.300
888,31.400
889,31.300
890,31.300
891,31.400
892,31.300
893,31.300
894,31.400
895,31.300
896,31.400
897,31.300
898,31.400
899,31.300
900,31.400
901,31.600
902,32.100
903,32.700
904,31.400
905,31.900
906,32.000
907,31.700
908,31.700
909,32.700
910,32.000
911,32.400
912,31.300
913,31.500
914,31.900
915,33.200
916,39.700
917,32.300
918,31.400
919,31.700
920,32.200
921,31.400
922,31.300
923,31.300
924,31.400
925,31.300
926,31.400
927,31.400
928,31.400
929,38.000
930,31.400
931,31.400
932,31.300
933,31.400
934,31.400
935,31.300
936,31.300
937,31.300
938,31.300
939,31.300
940,31.400
941,31.400
942,31.300
943,36.100
944,31.300
945,31.300
946,31.400
947,31.400
948,31.400
949,31.300
950,31.300
951,31.400
952,31.400
953,31.300
954,31.300
955,31.400
956,31.400
957,31.700
958,781.500
959,33.700
960,32.400
961,32.400
962,37.200
963,32.400
964,32.400
965,32.400
966,32.300
967,32.300
968,40.500
969,32.400
970,32.800
971,33.000
972,33.600
973,32.400
974,37.200
975,32.300
976,32.300
977,33.300
978,33.500
979,32.900
980,33.400
981,32.400
982,77.200
983,32.000
984,31.400
985,31.400
986,31.400
987,31.300
988,31.400
989,31.400
990,36.200
991,31.400
992,31.300
993,31.400
994,31.300
995,31.400
996,31.400
997,31.400
998,31.400
999,31.300
