0,66.600
1,65.900
2,64.800
3,69.500
4,64.600
5,64.700
6,65.000
7,210.400
8,65.600
9,66.400
10,64.900
11,65.100
12,65.400
13,163.200
14,75.000
15,65.200
16,139.700
17,69.200
18,66.600
19,193.700
20,126.600
21,66.300
22,94.300
23,76.500
24,66.700
25,65.500
26,65.900
27,64.700
28,64.700
29,65.200
30,65.300
31,64.900
32,64.700
33,64.700
34,64.700
35,64.700
36,64.700
37,64.700
38,64.700
39,64.700
40,64.700
41,64.700
42,64.700
43,64.700
44,65.100
45,65.300
46,65.100
47,64.700
48,64.700
49,64.700
50,64.700
51,64.600
52,64.800
53,72.100
54,68.600
55,64.700
56,64.700
57,64.700
58,64.700
59,64.700
60,68.600
61,64.700
62,64.600
63,64.700
64,64.700
65,64.700
66,65.200
67,64.800
68,425.100
69,65.700
70,66.900
71,66.800
72,67.000
73,71.200
74,73.800
75,75.600
76,67.600
77,87.400
78,88.200
79,89.600
80,82.400
81,67.900
82,68.100
83,66.800
84,67.700
85,66.900
86,71.600
87,66.900
88,80.000
89,67.700
90,66.900
91,66.800
92,66.800
93,66.800
94,66.900
95,67.200
96,68.100
97,67.900
98,66.800
99,66.900
100,66.800
101,66.800
102,66.900
103,66.900
104,64.700
105,64.700
106,78.600
107,64.700
108,64.700
109,64.700
110,64.700
111,64.700
112,64.700
113,64.700
114,73.400
115,64.700
116,64.700
117,64.700
118,64.700
119,64.700
120,64.700
121,64.700
122,64.700
123,64.800
124,64.700
125,64.700
126,64.700
127,64.700
128,64.700
129,64.700
130,65.300
131,64.700
132,64.700
133,64.700
134,64.700
135,64.700
136,64.700
137,64.700
138,64.700
139,64.700
140,64.700
141,64.700
142,64.700
143,64.700
144,68.900
145,64.700
146,64.800
147,64.700
148,64.700
149,64.700
150,64.600
151,64.700
152,64.700
153,64.700
154,64.800
155,64.700
156,64.700
157,64.700
158,64.700
159,68.300
160,64.900
161,64.700
162,64.700
163,64.700
164,64.700
165,64.700
166,68.600
167,64.700
168,64.700
169,64.700
170,64.700
171,64.700
172,64.700
173,64.600
174,64.700
175,69.200
176,62.700
177,62.700
178,62.700
179,62.700
180,62.700
181,62.700
182,62.600
183,62.600
184,62.600
185,62.600
186,62.600
187,62.600
188,62.700
189,62.600
190,62.700
191,62.700
192,62.700
193,62.700
194,62.600
195,62.700
196,62.700
197,62.700
198,62.700
199,63.300
200,66.100
201,65.900
202,69.100
203,62.700
204,62.600
205,62.700
206,62.700
207,62.700
208,62.700
209,62.600
210,62.700
211,62.700
212,62.700
213,62.600
214,62.700
215,62.700
216,62.700
217,62.700
218,62.700
219,62.600
220,62.600
221,62.600
222,62.700
223,62.700
224,62.700
225,62.700
226,62.600
227,62.600
228,62.700
229,62.700
230,62.700
231,62.600
232,62.600
233,66.200
234,66.600
235,62.700
236,62.700
237,62.700
238,62.700
239,62.700
240,62.600
241,66.600
242,62.600
243,139.000
244,125.200
245,71.500
246,72.300
247,76.000
248,79.000
249,70.200
250,69.200
251,69.100
252,95.100
253,85.300
254,72.000
255,74.600
256,69.400
257,69.500
258,120.200
259,69.800
260,69.400
261,70.000
262,69.400
263,69.100
264,69.700
265,69.600
266,69.700
267,69.700
268,69.200
269,69.100
270,69.400
271,78.300
272,70.200
273,69.100
274,69.100
275,69.200
276,69.200
277,68.500
278,66.900
279,66.800
280,66.800
281,66.800
282,66.800
283,77.700
284,66.800
285,70.700
286,66.800
287,66.900
288,66.800
289,66.900
290,66.800
291,70.800
292,66.900
293,66.800
294,67.500
295,66.900
296,66.800
297,66.900
298,66.800
299,66.800
300,67.400
301,64.800
302,64.700
303,64.700
304,64.700
305,64.700
306,64.700
307,64.700
308,64.700
309,64.700
310,64.700
311,64.700
312,69.200
313,64.700
314,64.700
315,64.700
316,64.700
317,64.700
318,64.700
319,64.700
320,64.600
321,64.600
322,64.600
323,64.700
324,64.700
325,64.700
326,64.700
327,64.700
328,64.700
329,64.700
330,64.700
331,64.600
332,64.700
333,64.700
334,64.700
335,64.700
336,64.700
337,64.700
338,64.700
339,67.300
340,64.600
341,64.700
342,64.700
343,64.700
344,64.700
345,64.700
346,64.700
347,68.600
348,64.700
349,64.700
350,64.700
351,64.700
352,66.500
353,66.900
354,66.900
355,66.800
356,66.800
357,66.800
358,66.900
359,67.400
360,69.200
361,69.200
362,69.100
363,70.200
364,76.200
365,71.600
366,71.600
367,71.600
368,71.600
369,71.600
370,71.600
371,71.600
372,71.600
373,71.600
374,74.000
375,74.200
376,74.300
377,75.500
378,77.100
379,77.100
380,77.200
381,77.100
382,77.100
383,77.100
384,77.000
385,74.300
386,74.300
387,82.300
388,74.300
389,78.500
390,74.200
391,74.300
392,74.300
393,74.200
394,78.400
395,74.300
396,74.300
397,74.300
398,72.800
399,71.600
400,71.600
401,71.600
402,71.600
403,71.600
404,72.600
405,69.200
406,69.100
407,69.100
408,69.200
409,69.200
410,69.200
411,69.100
412,68.800
413,66.800
414,70.900
415,66.800
416,66.800
417,66.900
418,66.900
419,66.800
420,66.800
421,66.900
422,66.800
423,66.800
424,75.700
425,72.400
426,67.200
427,66.700
428,64.700
429,64.600
430,64.700
431,64.900
432,67.500
433,62.700
434,62.700
435,62.700
436,62.700
437,62.700
438,67.400
439,62.600
440,62.700
441,62.700
442,62.700
443,62.700
444,62.600
445,62.600
446,62.700
447,62.700
448,62.700
449,62.700
450,62.700
451,62.600
452,62.600
453,62.600
454,68.600
455,62.700
456,62.600
457,62.700
458,62.700
459,62.700
460,62.700
461,62.700
462,62.700
463,62.700
464,62.700
465,62.700
466,62.700
467,62.600
468,62.700
469,62.700
470,62.700
471,62.700
472,62.600
473,109.300
474,291.100
475,81.700
476,110.800
477,69.800
478,112.900
479,75.700
480,84.200
481,87.000
482,82.500
483,71.400
484,67.500
485,68.100
486,68.000
487,68.200
488,67.600
489,88.100
490,66.900
491,66.900
492,66.900
493,67.500
494,67.100
495,66.900
496,66.900
497,66.800
498,67.500
499,66.800
500,66.800
501,66.900
502,66.900
503,66.800
504,66.900
505,66.900
506,76.800
507,66.900
508,66.900
509,66.800
510,66.900
511,66.800
512,66.900
513,67.400
514,66.900
515,66.900
516,66.800
517,65.900
518,64.700
519,64.700
520,64.700
521,64.700
522,64.700
523,64.700
524,64.700
525,64.700
526,64.700
527,64.700
528,64.700
529,64.700
530,64.700
531,64.700
532,64.700
533,64.700
534,64.700
535,64.700
536,69.500
537,64.700
538,64.700
539,64.700
540,64.700
541,64.700
542,64.700
543,64.700
544,68.700
545,64.700
546,64.600
547,64.700
548,64.700
549,64.700
550,68.700
551,64.700
552,66.700
553,66.900
554,66.800
555,67.300
556,69.200
557,69.200
558,69.100
559,69.100
560,69.100
561,69.200
562,73.700
563,69.200
564,69.100
565,69.100
566,70.900
567,74.300
568,74.300
569,74.300
570,74.300
571,74.300
572,74.300
573,75.900
574,77.100
575,77.100
576,77.200
577,77.100
578,77.100
579,77.500
580,80.300
581,80.200
582,80.200
583,80.200
584,80.300
585,80.300
586,80.200
587,80.300
588,84.400
589,80.300
590,80.200
591,80.300
592,79.600
593,77.100
594,77.100
595,77.100
596,77.100
597,77.100
598,77.500
599,74.300
600,74.300
601,74.300
602,74.300
603,74.200
604,74.300
605,74.300
606,74.300
607,74.300
608,74.500
609,71.700
610,71.600
611,71.600
612,71.600
613,71.600
614,75.900
615,71.600
616,71.600
617,71.700
618,72.400
619,69.200
620,69.200
621,69.100
622,69.100
623,69.200
624,69.200
625,69.100
626,68.000
627,66.800
628,66.900
629,66.900
630,66.800
631,66.800
632,66.800
633,67.100
634,64.700
635,64.700
636,64.700
637,64.700
638,64.700
639,67.200
640,64.700
641,64.700
642,64.700
643,64.700
644,64.700
645,64.700
646,64.700
647,64.700
648,65.000
649,62.700
650,62.700
651,129.000
652,70.800
653,84.700
654,76.500
655,81.000
656,74.100
657,70.600
658,71.400
659,71.800
660,86.100
661,65.200
662,65.300
663,69.900
664,64.900
665,65.300
666,66.000
667,80.400
668,65.500
669,65.600
670,70.700
671,65.200
672,65.200
673,65.000
674,64.800
675,68.300
676,65.400
677,65.500
678,65.200
679,65.000
680,66.200
681,65.000
682,65.000
683,74.400
684,64.700
685,64.700
686,64.900
687,64.700
688,64.700
689,64.700
690,64.700
691,64.700
692,64.700
693,64.700
694,64.700
695,64.700
696,64.600
697,64.700
698,64.700
699,64.700
700,64.700
701,65.000
702,570.300
703,133.700
704,65.700
705,65.200
706,64.700
707,64.700
708,71.600
709,64.700
710,64.700
711,64.700
712,65.000
713,83.300
714,71.700
715,71.900
716,71.900
717,71.700
718,72.700
719,72.100
720,72.000
721,72.800
722,72.100
723,82.500
724,72.400
725,72.900
726,72.700
727,76.900
728,72.200
729,71.600
730,71.600
731,82.400
732,71.600
733,71.700
734,71.600
735,71.700
736,70.500
737,69.100
738,69.200
739,69.100
740,69.200
741,69.200
742,69.100
743,69.100
744,69.200
745,69.200
746,69.200
747,69.200
748,69.200
749,69.200
750,69.200
751,69.200
752,69.200
753,69.100
754,72.600
755,66.900
756,67.400
757,66.900
758,72.900
759,66.800
760,70.800
761,66.800
762,66.900
763,66.800
764,66.800
765,66.800
766,66.800
767,66.900
768,66.900
769,66.900
770,66.800
771,66.600
772,64.700
773,64.700
774,64.700
775,64.700
776,64.700
777,64.700
778,64.700
779,64.700
780,64.700
781,64.700
782,64.700
783,64.700
784,64.700
785,64.700
786,64.700
787,64.700
788,69.300
789,64.700
790,68.600
791,64.700
792,64.600
793,64.700
794,64.700
795,64.700
796,68.600
797,64.700
798,64.700
799,64.700
800,64.700
801,64.700
802,64.700
803,64.700
804,64.700
805,64.700
806,64.700
807,64.600
808,64.700
809,64.700
810,64.700
811,64.700
812,64.700
813,64.700
814,64.700
815,64.700
816,64.700
817,64.700
818,68.100
819,64.700
820,64.700
821,64.600
822,64.700
823,64.700
824,64.700
825,64.700
826,68.600
827,64.700
828,64.700
829,64.600
830,64.800
831,64.700
832,64.700
833,68.600
834,64.700
835,64.700
836,64.600
837,64.700
838,64.700
839,64.800
840,62.700
841,62.700
842,62.700
843,62.700
844,62.600
845,62.700
846,62.700
847,62.600
848,62.600
849,67.800
850,66.600
851,62.700
852,62.700
853,62.700
854,62.700
855,62.700
856,62.700
857,66.600
858,62.600
859,62.700
860,62.700
861,62.700
862,62.700
863,62.700
864,62.700
865,62.700
866,62.700
867,62.700
868,62.700
869,62.700
870,62.700
871,62.700
872,62.700
873,62.800
874,63.300
875,63.400
876,62.700
877,62.700
878,62.600
879,62.700
880,66.600
881,62.700
882,62.700
883,62.700
884,62.700
885,62.700
886,62.700
887,62.600
888,62.700
889,62.700
890,62.700
891,62.700
892,62.700
893,62.600
894,62.600
895,62.600
896,62.700
897,62.700
898,62.600
899,62.700
900,62.700
901,62.700
902,62.700
903,62.700
904,62.700
905,62.600
906,62.600
907,62.600
908,62.700
909,62.600
910,62.700
911,66.700
912,62.600
913,62.700
914,62.700
915,62.600
916,62.700
917,62.700
918,62.700
919,62.700
920,62.700
921,62.700
922,62.700
923,62.600
924,62.700
925,62.600
926,62.600
927,62.700
928,62.600
929,62.700
930,62.600
931,62.600
932,62.600
933,62.700
934,62.700
935,62.700
936,62.700
937,62.700
938,62.600
939,70.700
940,62.600
941,62.700
942,62.700
943,161.300
944,89.600
945,63.700
946,63.200
947,64.700
948,106.700
949,69.100
950,62.700
951,62.700
952,62.700
953,62.800
954,80.800
955,88.500
956,78.000
957,62.700
958,65.600
959,71.700
960,63.400
961,63.600
962,78.400
963,63.600
964,63.300
965,63.000
966,64.800
967,64.100
968,66.500
969,63.200
970,62.700
971,63.100
972,62.700
973,62.700
974,62.700
975,62.600
976,62.700
977,62.700
978,62.700
979,72.700
980,62.700
981,62.600
982,62.700
983,62.700
984,62.700
985,62.600
986,62.700
987,62.700
988,62.600
989,62.700
990,62.700
991,62.700
992,62.700
993,62.700
994,62.700
995,62.700
996,62.700
997,62.700
998,62.600
999,62.700
