0,468.500
1,486.300
2,423.500
3,520.000
4,508.000
5,391.700
6,513.200
7,370.800
8,309.700
9,452.800
10,388.300
11,323.800
12,375.200
13,396.600
14,335.700
15,336.000
16,330.400
17,330.500
18,477.700
19,350.200
20,177.200
21,178.000
22,170.300
23,171.300
24,170.900
25,247.900
26,422.500
27,400.100
28,350.500
29,347.600
30,353.500
31,331.600
32,330.700
33,419.700
34,439.200
35,393.900
36,459.300
37,329.900
38,393.800
39,437.500
40,342.300
41,439.900
42,356.000
43,350.300
44,329.200
45,348.800
46,317.400
47,374.900
48,494.600
49,482.700
50,369.600
51,314.200
52,311.400
53,397.000
54,593.500
55,425.000
56,473.300
57,464.500
58,420.000
59,354.700
60,400.100
61,399.300
62,452.000
63,399.700
64,352.500
65,274.900
66,408.100
67,317.800
68,282.600
69,359.400
70,372.200
71,419.100
72,374.700
73,308.100
74,275.600
75,270.100
76,299.200
77,339.500
78,428.800
79,320.600
80,391.300
81,361.700
82,289.800
83,371.300
84,293.300
85,276.700
86,264.600
87,311.000
88,263.600
89,262.100
90,262.000
91,381.200
92,266.100
93,276.200
94,612.100
95,452.200
96,478.800
97,456.100
98,451.100
99,426.900
100,512.500
101,363.000
102,333.600
103,293.800
104,324.800
105,310.500
106,295.300
107,293.300
108,292.200
109,334.200
110,329.100
111,305.400
112,293.600
113,293.300
114,340.400
115,468.100
116,508.900
117,463.500
118,433.000
119,376.000
120,280.200
121,263.600
122,276.900
123,263.700
124,202.500
125,194.100
126,194.000
127,194.100
128,194.700
129,194.500
130,194.100
131,203.700
132,219.300
133,210.800
134,210.500
135,272.100
136,272.900
137,245.200
138,289.700
139,271.500
140,243.900
141,241.400
142,242.200
143,242.900
144,242.500
145,312.600
146,253.100
147,245.200
148,190.600
149,240.400
150,301.100
151,263.300
152,482.800
153,493.300
154,441.200
155,419.700
156,473.000
157,340.300
158,294.500
159,335.600
160,334.600
161,296.200
162,324.600
163,376.600
164,299.700
165,430.400
166,403.600
167,299.900
168,296.400
169,296.200
170,295.600
171,296.200
172,274.200
173,165.500
174,165.200
175,165.900
176,165.900
177,165.600
178,165.700
179,164.700
180,222.600
181,182.400
182,163.200
183,163.300
184,163.900
185,164.300
186,163.500
187,164.000
188,227.200
189,204.900
190,163.600
191,208.600
192,184.900
193,163.300
194,200.100
195,194.000
196,162.900
197,168.700
198,260.900
199,168.000
200,164.800
201,164.800
202,164.800
203,165.000
204,164.900
205,200.000
206,218.600
207,171.900
208,169.900
209,227.800
210,163.200
211,162.600
212,164.100
213,328.100
214,171.300
215,170.800
216,165.300
217,165.200
218,164.600
219,166.400
220,261.700
221,317.900
222,369.600
223,319.700
224,286.100
225,341.700
226,332.600
227,275.400
228,462.800
229,277.200
230,342.600
231,337.300
232,250.800
233,231.500
234,241.800
235,285.800
236,210.800
237,201.900
238,258.000
239,262.200
240,221.400
241,309.100
242,310.400
243,329.600
244,285.200
245,272.800
246,274.900
247,275.000
248,244.200
249,163.400
250,174.100
251,164.300
252,164.200
253,163.700
254,163.600
255,163.700
256,163.700
257,163.600
258,164.200
259,163.900
260,164.200
261,165.000
262,180.300
263,207.000
264,170.400
265,170.000
266,170.600
267,171.400
268,171.500
269,165.800
270,164.800
271,164.900
272,226.000
273,208.500
274,168.400
275,168.300
276,166.500
277,166.500
278,166.500
279,166.600
280,166.500
281,166.600
282,166.200
283,208.300
284,164.900
285,162.800
286,162.000
287,162.800
288,182.000
289,337.100
290,218.400
291,169.700
292,174.900
293,172.400
294,171.900
295,166.500
296,167.000
297,277.400
298,313.800
299,231.500
300,164.300
301,165.600
302,168.100
303,167.200
304,166.400
305,167.300
306,241.200
307,202.400
308,165.900
309,229.700
310,195.300
311,163.300
312,162.700
313,170.700
314,163.900
315,164.900
316,163.200
317,164.300
318,163.900
319,174.400
320,241.600
321,241.100
322,165.000
323,202.300
324,200.000
325,165.300
326,166.600
327,167.300
328,216.600
329,192.700
330,168.300
331,165.200
332,207.800
333,181.800
334,168.100
335,206.900
336,189.600
337,186.600
338,281.500
339,303.200
340,303.300
341,231.800
342,166.400
343,169.900
344,196.500
345,224.600
346,191.200
347,204.100
348,200.300
349,185.800
350,162.800
351,169.300
352,252.600
353,220.500
354,167.000
355,168.200
356,166.800
357,166.700
358,166.900
359,194.100
360,164.600
361,202.500
362,164.500
363,164.500
364,165.100
365,182.700
366,162.900
367,164.700
368,200.700
369,193.600
370,181.800
371,339.100
372,165.600
373,220.300
374,253.500
375,176.100
376,202.000
377,217.500
378,163.300
379,165.500
380,165.900
381,165.200
382,179.600
383,300.000
384,334.000
385,241.800
386,171.900
387,171.400
388,164.400
389,164.500
390,164.500
391,202.900
392,167.500
393,194.700
394,172.700
395,166.700
396,166.700
397,163.800
398,163.300
399,164.400
400,239.700
401,196.500
402,196.700
403,171.200
404,179.000
405,164.100
406,166.700
407,242.000
408,190.500
409,162.900
410,163.900
411,206.700
412,227.200
413,165.800
414,231.100
415,204.700
416,165.400
417,167.300
418,191.400
419,198.600
420,166.400
421,168.600
422,201.100
423,165.200
424,207.300
425,171.100
426,209.400
427,179.700
428,162.800
429,253.000
430,179.100
431,167.000
432,163.400
433,163.800
434,163.800
435,164.400
436,163.800
437,163.800
438,163.500
439,167.600
440,163.600
441,162.000
442,162.300
443,162.600
444,162.800
445,162.600
446,162.200
447,198.500
448,191.300
449,173.300
450,169.300
451,170.700
452,164.200
453,164.300
454,164.600
455,248.500
456,167.500
457,207.100
458,167.700
459,164.700
460,164.900
461,164.900
462,164.700
463,164.100
464,164.900
465,165.200
466,164.600
467,174.900
468,165.300
469,164.400
470,164.300
471,164.900
472,164.100
473,164.900
474,164.700
475,164.400
476,165.700
477,165.000
478,165.200
479,172.100
480,174.300
481,171.200
482,172.300
483,165.100
484,166.200
485,165.800
486,165.200
487,165.300
488,165.100
489,165.100
490,165.200
491,171.800
492,164.700
493,164.600
494,164.500
495,165.100
496,165.100
497,227.300
498,164.700
499,219.700
