0,176.100
1,171.600
2,169.400
3,184.500
4,169.400
5,169.400
6,169.400
7,169.200
8,169.800
9,169.200
10,169.200
11,169.500
12,169.400
13,169.400
14,172.000
15,176.400
16,169.500
17,169.400
18,166.400
19,164.200
20,163.600
21,163.500
22,163.500
23,163.500
24,163.500
25,163.500
26,163.500
27,166.800
28,165.000
29,166.000
30,165.500
31,165.500
32,165.500
33,165.500
34,165.400
35,165.400
36,165.400
37,169.900
38,165.100
39,165.100
40,165.100
41,165.100
42,214.500
43,271.300
44,208.500
45,192.600
46,270.100
47,234.800
48,169.200
49,169.100
50,184.100
51,180.800
52,171.100
53,196.200
54,168.000
55,168.400
56,167.700
57,167.200
58,168.000
59,168.100
60,162.900
61,162.700
62,162.600
63,166.600
64,164.700
65,164.200
66,164.800
67,164.800
68,164.200
69,164.100
70,164.900
71,163.500
72,163.500
73,163.600
74,164.200
75,170.000
76,164.800
77,164.200
78,164.700
79,164.700
80,164.700
81,164.800
82,164.100
83,164.100
84,164.100
85,164.200
86,164.100
87,173.000
88,164.200
89,165.400
90,164.200
91,168.900
92,164.300
93,164.200
94,164.200
95,164.200
96,169.000
97,171.800
98,170.700
99,174.400
100,178.000
101,183.400
102,183.300
103,183.200
104,177.200
105,175.500
106,171.500
107,169.800
108,167.600
109,167.700
110,167.600
111,167.800
112,167.600
113,167.700
114,167.700
115,164.900
116,164.900
117,165.500
118,165.400
119,173.600
120,164.800
121,164.800
122,169.500
123,164.800
124,164.700
125,164.800
126,164.800
127,164.900
128,164.800
129,164.100
130,164.100
131,175.200
132,314.700
133,246.800
134,163.000
135,185.200
136,215.400
137,195.100
138,165.400
139,163.400
140,174.500
141,172.400
142,180.400
143,162.600
144,162.400
145,162.900
146,162.900
147,162.500
148,162.700
149,162.700
150,162.600
151,162.800
152,168.100
153,165.700
154,164.400
155,165.000
156,164.900
157,165.000
158,164.900
159,164.900
160,165.000
161,164.900
162,166.300
163,164.900
164,168.600
165,164.700
166,165.500
167,165.500
168,165.500
169,165.400
170,165.500
171,165.400
172,165.500
173,165.400
174,165.400
175,171.400
176,164.800
177,164.800
178,164.800
179,164.800
180,173.900
181,170.500
182,165.700
183,170.500
184,165.700
185,166.100
186,169.200
187,167.000
188,166.300
189,168.700
190,168.100
191,168.300
192,168.500
193,168.800
194,168.300
195,166.900
196,168.800
197,167.700
198,171.500
199,164.500
200,164.400
201,164.500
202,164.400
203,164.500
204,164.500
205,164.500
206,164.500
207,164.400
208,165.000
209,164.500
210,167.500
211,167.800
212,165.700
213,166.000
214,165.400
215,166.000
216,166.000
217,165.900
218,165.900
219,165.800
220,165.900
221,166.600
222,170.100
223,165.000
224,165.500
225,166.100
226,166.000
227,166.100
228,166.000
229,166.100
230,166.100
231,166.000
232,166.100
233,191.500
234,164.700
235,164.500
236,164.500
237,172.500
238,199.000
239,170.900
240,163.600
241,165.400
242,163.100
243,163.000
244,180.400
245,165.800
246,165.300
247,166.100
248,166.000
249,166.100
250,166.100
251,166.100
252,166.000
253,166.200
254,166.100
255,166.100
256,169.700
257,166.000
258,166.200
259,166.100
260,166.000
261,166.200
262,167.600
263,166.100
264,166.100
265,166.000
266,166.000
267,166.300
268,170.300
269,166.300
270,166.300
271,166.300
272,166.300
273,166.300
274,166.300
275,166.900
276,166.900
277,166.900
278,166.500
279,171.300
280,165.000
281,248.000
282,177.100
283,162.200
284,162.600
285,167.400
286,162.600
287,162.600
288,162.700
289,162.800
290,167.100
291,163.700
292,164.600
293,164.400
294,164.800
295,165.100
296,165.200
297,165.100
298,165.000
299,165.200
300,165.200
301,165.100
302,170.000
303,165.100
304,164.500
305,164.500
306,164.500
307,164.500
308,164.400
309,164.600
310,164.500
311,164.400
312,164.500
313,174.400
314,168.000
315,169.500
316,164.800
317,165.400
318,165.500
319,165.400
320,165.100
321,165.200
322,165.100
323,168.800
324,165.500
325,165.800
326,170.500
327,165.700
328,170.600
329,166.100
330,359.900
331,207.700
332,180.400
333,171.300
334,169.900
335,170.300
336,169.800
337,170.300
338,170.200
339,170.300
340,170.200
341,173.500
342,172.400
343,173.300
344,182.400
345,169.500
346,174.900
347,170.100
348,169.200
349,169.200
350,169.400
351,171.900
352,165.500
353,165.500
354,166.000
355,169.500
356,164.300
357,164.200
358,164.800
359,166.000
360,166.000
361,166.000
362,166.100
363,166.000
364,166.100
365,166.000
366,168.500
367,164.200
368,164.200
369,164.800
370,164.400
371,164.500
372,164.500
373,164.500
374,164.500
375,164.500
376,164.500
377,164.400
378,167.400
379,164.700
380,166.100
381,165.500
382,165.400
383,165.500
384,165.400
385,165.300
386,165.400
387,165.400
388,165.400
389,165.400
390,167.300
391,164.900
392,165.400
393,165.200
394,165.300
395,165.200
396,165.300
397,165.200
398,170.400
399,174.100
400,176.300
401,176.600
402,186.000
403,181.600
404,188.100
405,193.400
406,194.200
407,196.000
408,201.800
409,209.100
410,215.100
411,212.500
412,211.700
413,211.700
414,212.400
415,212.300
416,212.300
417,212.400
418,217.400
419,214.200
420,215.300
421,216.500
422,216.000
423,216.100
424,234.400
425,214.200
426,218.100
427,212.200
428,216.300
429,210.900
430,211.700
431,210.900
432,210.900
433,219.600
434,210.900
435,210.900
436,210.900
437,216.700
438,210.700
439,210.700
440,211.100
441,205.800
442,203.000
443,203.000
444,203.000
445,204.200
446,194.400
447,198.700
448,195.300
449,196.400
450,189.000
451,186.600
452,189.000
453,182.600
454,182.500
455,180.500
456,176.400
457,179.600
458,174.600
459,208.700
460,236.700
461,209.400
462,163.600
463,177.800
464,162.800
465,162.200
466,162.100
467,162.900
468,162.900
469,180.600
470,162.800
471,163.700
472,176.000
473,165.000
474,164.800
475,164.300
476,177.300
477,162.600
478,170.800
479,161.900
480,162.000
481,168.100
482,164.100
483,165.000
484,178.500
485,165.200
486,175.200
487,163.200
488,162.300
489,162.900
490,162.900
491,163.000
492,163.000
493,166.400
494,164.100
495,164.300
496,164.200
497,164.200
498,164.200
499,164.200
