0,3.800000
1,0.500000
2,0.300000
3,0.300000
4,0.200000
5,0.200000
6,0.300000
7,0.200000
8,0.200000
9,0.200000
10,0.200000
11,0.200000
12,0.200000
13,0.200000
14,0.200000
15,0.200000
16,0.200000
17,0.200000
18,0.200000
19,0.200000
20,0.200000
21,0.200000
22,0.200000
23,0.200000
24,0.200000
25,0.200000
26,0.200000
27,0.200000
28,0.200000
29,0.200000
30,0.200000
31,0.200000
32,0.200000
33,0.200000
34,0.200000
35,0.200000
36,0.200000
37,0.200000
38,0.300000
39,0.200000
40,0.300000
41,0.300000
42,0.200000
43,0.200000
44,0.200000
45,0.200000
46,0.200000
47,0.300000
48,0.200000
49,0.300000
50,0.200000
51,0.200000
52,0.200000
53,0.200000
54,0.200000
55,0.200000
56,0.200000
57,0.200000
58,0.200000
59,0.200000
60,0.200000
61,0.200000
62,0.200000
63,0.300000
64,0.200000
65,0.200000
66,0.300000
67,0.200000
68,0.300000
69,0.200000
70,0.200000
71,0.200000
72,0.300000
73,0.200000
74,0.200000
75,0.200000
76,0.200000
77,0.200000
78,0.200000
79,0.200000
80,0.200000
81,0.200000
82,0.200000
83,0.200000
84,0.200000
85,0.200000
86,0.200000
87,0.200000
88,0.200000
89,0.200000
90,0.200000
91,0.200000
92,0.200000
93,0.200000
94,0.200000
95,0.200000
96,0.200000
97,0.200000
98,0.200000
99,0.200000
100,0.200000
101,0.300000
102,0.200000
103,0.200000
104,0.200000
105,0.200000
106,0.300000
107,0.200000
108,0.200000
109,0.200000
110,0.200000
111,0.200000
112,0.200000
113,0.200000
114,0.200000
115,0.200000
116,0.200000
117,0.200000
118,0.200000
119,0.300000
120,0.200000
121,0.200000
122,0.200000
123,0.200000
124,0.200000
125,0.200000
126,0.200000
127,0.200000
128,0.200000
129,0.300000
130,0.200000
131,0.200000
132,0.200000
133,0.200000
134,0.200000
135,0.200000
136,0.200000
137,0.200000
138,0.200000
139,0.200000
140,0.200000
141,0.200000
142,0.200000
143,0.200000
144,0.200000
145,0.200000
146,0.200000
147,0.200000
148,0.200000
149,0.200000
150,0.200000
151,0.200000
152,0.200000
153,0.200000
154,0.200000
155,0.200000
156,0.200000
157,0.200000
158,0.200000
159,0.200000
160,0.200000
161,0.200000
162,0.200000
163,0.200000
164,0.200000
165,0.200000
166,0.200000
167,0.200000
168,0.200000
169,0.200000
170,0.300000
171,0.200000
172,0.200000
173,0.200000
174,0.200000
175,0.200000
176,0.300000
177,0.200000
178,0.300000
179,0.200000
180,0.200000
181,0.200000
182,0.300000
183,0.200000
184,0.200000
185,0.200000
186,0.200000
187,0.200000
188,0.200000
189,0.200000
190,0.200000
191,0.200000
192,0.200000
193,0.200000
194,0.300000
195,0.200000
196,0.200000
197,0.200000
198,0.200000
199,0.200000
200,0.200000
201,0.200000
202,0.200000
203,0.200000
204,0.200000
205,0.200000
206,0.200000
207,0.200000
208,0.200000
209,0.200000
210,0.200000
211,0.200000
212,0.300000
213,0.200000
214,0.200000
215,0.200000
216,0.300000
217,0.200000
218,0.200000
219,0.200000
220,0.200000
221,0.200000
222,0.300000
223,0.200000
224,0.200000
225,0.200000
226,0.200000
227,0.300000
228,0.200000
229,0.300000
230,0.200000
231,0.200000
232,0.200000
233,0.200000
234,0.200000
235,0.200000
236,0.200000
237,0.200000
238,0.200000
239,0.200000
240,0.200000
241,0.200000
242,0.200000
243,0.200000
244,0.200000
245,0.200000
246,0.200000
247,0.200000
248,0.200000
249,0.200000
250,0.200000
251,0.200000
252,0.300000
253,0.200000
254,0.300000
255,0.200000
256,0.200000
257,0.200000
258,0.300000
259,0.200000
260,0.300000
261,0.200000
262,0.200000
263,0.200000
264,0.200000
265,0.200000
266,0.200000
267,0.200000
268,0.200000
269,0.200000
270,0.200000
271,0.200000
272,0.200000
273,0.200000
274,0.200000
275,0.200000
276,0.300000
277,0.300000
278,0.200000
279,0.200000
280,0.200000
281,0.200000
282,0.200000
283,0.200000
284,0.200000
285,0.200000
286,0.200000
287,0.200000
288,0.200000
289,0.200000
290,0.200000
291,0.200000
292,0.200000
293,0.200000
294,0.200000
295,0.200000
296,0.200000
297,0.200000
298,0.200000
299,0.200000
300,0.200000
301,0.200000
302,0.200000
303,0.200000
304,0.200000
305,0.200000
306,0.200000
307,0.200000
308,0.200000
309,0.200000
310,0.200000
311,0.300000
312,0.200000
313,0.300000
314,0.200000
315,0.300000
316,0.200000
317,0.200000
318,0.200000
319,0.200000
320,0.200000
321,0.200000
322,0.200000
323,0.200000
324,0.300000
325,0.200000
326,0.300000
327,0.200000
328,0.300000
329,0.200000
330,0.200000
331,0.200000
332,0.200000
333,0.200000
334,0.200000
335,0.200000
336,0.200000
337,0.200000
338,0.200000
339,0.200000
340,0.200000
341,0.200000
342,0.200000
343,0.200000
344,0.200000
345,0.200000
346,0.200000
347,0.200000
348,0.200000
349,0.200000
350,0.200000
351,0.200000
352,0.200000
353,0.200000
354,0.300000
355,0.200000
356,0.200000
357,0.200000
358,0.200000
359,0.200000
360,0.200000
361,0.200000
362,0.200000
363,0.300000
364,0.200000
365,0.200000
366,0.300000
367,0.200000
368,0.200000
369,0.200000
370,0.200000
371,0.300000
372,0.200000
373,0.200000
374,0.200000
375,0.200000
376,0.200000
377,0.200000
378,0.200000
379,0.200000
380,0.200000
381,0.200000
382,0.200000
383,0.200000
384,0.200000
385,0.200000
386,0.200000
387,0.200000
388,0.200000
389,0.200000
390,0.200000
391,0.200000
392,0.200000
393,0.200000
394,0.200000
395,0.300000
396,0.200000
397,0.200000
398,0.200000
399,0.200000
400,0.200000
401,0.200000
402,0.200000
403,0.200000
404,0.200000
405,0.200000
406,0.200000
407,0.200000
408,0.200000
409,0.200000
410,0.200000
411,0.200000
412,0.200000
413,0.200000
414,0.200000
415,0.300000
416,0.200000
417,0.200000
418,0.200000
419,0.200000
420,0.200000
421,0.200000
422,0.200000
423,0.200000
424,0.200000
425,0.200000
426,0.200000
427,0.200000
428,0.200000
429,0.200000
430,0.200000
431,0.300000
432,0.300000
433,0.200000
434,0.200000
435,0.200000
436,0.300000
437,0.200000
438,0.200000
439,0.200000
440,0.200000
441,0.200000
442,0.200000
443,0.300000
444,0.200000
445,0.200000
446,0.200000
447,0.200000
448,0.200000
449,0.200000
450,0.200000
451,0.300000
452,0.200000
453,0.200000
454,0.200000
455,0.200000
456,0.200000
457,0.200000
458,0.200000
459,0.200000
460,0.200000
461,0.200000
462,0.200000
463,0.300000
464,0.200000
465,0.300000
466,0.300000
467,0.200000
468,0.200000
469,0.200000
470,0.200000
471,0.300000
472,0.200000
473,0.200000
474,0.200000
475,0.200000
476,0.200000
477,0.300000
478,0.200000
479,0.200000
480,0.200000
481,0.300000
482,0.200000
483,0.200000
484,0.300000
485,0.200000
486,0.200000
487,0.200000
488,0.200000
489,0.200000
490,0.200000
491,0.200000
492,0.200000
493,0.200000
494,0.200000
495,0.200000
496,0.200000
497,0.200000
498,0.200000
499,0.200000
500,0.200000
501,0.200000
502,0.200000
503,0.300000
504,0.200000
505,0.200000
506,0.200000
507,0.200000
508,0.200000
509,0.200000
510,0.200000
511,0.200000
512,0.200000
513,0.200000
514,0.200000
515,0.200000
516,0.200000
517,0.200000
518,0.200000
519,0.200000
520,0.200000
521,0.200000
522,0.200000
523,0.200000
524,0.200000
525,0.300000
526,0.200000
527,0.200000
528,0.300000
529,0.200000
530,0.200000
531,0.200000
532,0.200000
533,0.200000
534,0.200000
535,0.200000
536,0.200000
537,0.200000
538,0.200000
539,0.200000
540,0.200000
541,0.200000
542,0.200000
543,0.200000
544,0.200000
545,0.200000
546,0.200000
547,0.200000
548,0.200000
549,0.200000
550,0.300000
551,0.200000
552,0.200000
553,0.200000
554,0.200000
555,0.200000
556,0.200000
557,0.200000
558,0.200000
559,0.300000
560,0.200000
561,0.300000
562,0.200000
563,0.200000
564,0.200000
565,0.200000
566,0.200000
567,0.200000
568,0.200000
569,0.200000
570,0.200000
571,0.300000
572,0.200000
573,0.200000
574,0.300000
575,0.200000
576,0.200000
577,0.200000
578,0.200000
579,0.200000
580,0.200000
581,0.200000
582,0.200000
583,0.200000
584,0.200000
585,0.400000
586,0.300000
587,0.300000
588,0.300000
589,0.200000
590,0.200000
591,0.200000
592,0.200000
593,0.300000
594,0.200000
595,0.200000
596,0.200000
597,0.300000
598,0.300000
599,0.200000
600,0.200000
601,0.200000
602,0.300000
603,0.200000
604,0.200000
605,0.300000
606,0.300000
607,0.200000
608,0.200000
609,0.200000
610,0.200000
611,0.200000
612,0.200000
613,0.200000
614,0.300000
615,0.200000
616,0.200000
617,0.200000
618,0.200000
619,0.200000
620,0.200000
621,0.300000
622,0.200000
623,0.200000
624,0.200000
625,0.200000
626,0.200000
627,0.200000
628,0.200000
629,0.200000
630,0.300000
631,0.200000
632,0.200000
633,0.300000
634,0.200000
635,0.200000
636,0.200000
637,0.200000
638,0.200000
639,0.300000
640,0.300000
641,0.300000
642,0.300000
643,0.200000
644,0.200000
645,0.200000
646,0.300000
647,0.200000
648,0.200000
649,0.200000
650,0.200000
651,0.200000
652,0.200000
653,0.200000
654,0.200000
655,0.200000
656,0.200000
657,0.200000
658,0.200000
659,0.200000
660,0.200000
661,0.200000
662,0.200000
663,0.200000
664,0.200000
665,0.200000
666,0.200000
667,0.200000
668,0.200000
669,0.200000
670,0.200000
671,0.300000
672,0.200000
673,0.200000
674,0.200000
675,0.300000
676,0.200000
677,0.200000
678,0.200000
679,0.200000
680,0.200000
681,0.200000
682,0.200000
683,0.200000
684,0.200000
685,0.200000
686,0.200000
687,0.200000
688,0.200000
689,0.200000
690,0.200000
691,0.200000
692,0.200000
693,0.200000
694,0.200000
695,0.200000
696,0.300000
697,0.200000
698,0.200000
699,0.200000
700,0.200000
701,0.200000
702,0.200000
703,0.200000
704,0.200000
705,0.200000
706,0.200000
707,0.200000
708,0.200000
709,0.200000
710,0.200000
711,0.200000
712,0.200000
713,0.300000
714,0.300000
715,0.200000
716,0.200000
717,0.200000
718,0.200000
719,0.200000
720,0.200000
721,0.200000
722,0.200000
723,0.200000
724,0.200000
725,0.200000
726,0.200000
727,0.200000
728,0.200000
729,0.200000
730,0.200000
731,0.300000
732,0.200000
733,0.200000
734,0.200000
735,0.200000
736,0.200000
737,0.200000
738,0.200000
739,0.200000
740,0.200000
741,0.200000
742,0.200000
743,0.200000
744,0.200000
745,0.200000
746,0.200000
747,0.200000
748,0.200000
749,0.200000
750,0.200000
751,0.200000
752,0.200000
753,0.200000
754,0.200000
755,0.200000
756,0.200000
757,0.300000
758,0.300000
759,0.200000
760,0.200000
761,0.300000
762,0.200000
763,0.200000
764,0.200000
765,0.200000
766,0.200000
767,0.300000
768,0.200000
769,0.300000
770,0.200000
771,0.200000
772,0.200000
773,0.200000
774,0.200000
775,0.200000
776,0.200000
777,0.200000
778,0.200000
779,0.300000
780,0.200000
781,0.200000
782,0.200000
783,0.200000
784,0.300000
785,0.200000
786,0.200000
787,0.200000
788,0.200000
789,0.200000
790,0.200000
791,0.200000
792,0.200000
793,0.200000
794,0.300000
795,0.200000
796,0.200000
797,0.200000
798,0.200000
799,0.200000
800,0.300000
801,0.200000
802,0.200000
803,0.200000
804,0.200000
805,0.200000
806,0.200000
807,0.200000
808,0.200000
809,0.200000
810,0.200000
811,0.300000
812,0.300000
813,0.200000
814,0.300000
815,0.200000
816,0.200000
817,0.200000
818,0.200000
819,0.200000
820,0.200000
821,0.200000
822,0.200000
823,0.200000
824,0.200000
825,0.200000
826,0.200000
827,0.200000
828,0.200000
829,0.200000
830,0.200000
831,0.200000
832,0.200000
833,0.200000
834,0.200000
835,0.200000
836,0.200000
837,0.200000
838,0.200000
839,0.200000
840,0.200000
841,0.200000
842,0.200000
843,0.200000
844,0.200000
845,0.200000
846,0.200000
847,0.200000
848,0.200000
849,0.200000
850,0.200000
851,0.200000
852,0.200000
853,0.200000
854,0.200000
855,0.200000
856,0.200000
857,0.200000
858,0.200000
859,0.200000
860,0.200000
861,0.200000
862,0.200000
863,0.200000
864,0.200000
865,0.200000
866,0.200000
867,0.200000
868,0.200000
869,0.200000
870,0.200000
871,0.200000
872,0.200000
873,0.300000
874,0.200000
875,0.200000
876,0.200000
877,0.200000
878,0.200000
879,0.200000
880,0.200000
881,0.200000
882,0.200000
883,0.200000
884,0.200000
885,0.300000
886,0.200000
887,0.100000
888,0.200000
889,0.200000
890,0.200000
891,0.200000
892,0.200000
893,0.200000
894,0.200000
895,0.200000
896,0.200000
897,0.200000
898,0.200000
899,0.200000
900,0.200000
901,0.200000
902,0.200000
903,0.200000
904,0.200000
905,0.200000
906,0.200000
907,0.200000
908,0.200000
909,0.200000
910,0.200000
911,0.200000
912,0.200000
913,0.200000
914,0.200000
915,0.200000
916,0.200000
917,0.200000
918,0.200000
919,0.200000
920,0.200000
921,0.300000
922,0.200000
923,0.200000
924,0.200000
925,0.200000
926,0.200000
927,0.200000
928,0.200000
929,0.200000
930,0.100000
931,0.200000
932,0.200000
933,0.200000
934,0.200000
935,0.200000
936,0.200000
937,0.200000
938,0.200000
939,0.200000
940,0.200000
941,0.200000
942,0.200000
943,0.200000
944,0.200000
945,0.200000
946,0.200000
947,0.200000
948,0.200000
949,0.200000
950,0.200000
951,0.200000
952,0.200000
953,0.200000
954,0.200000
955,0.200000
956,0.200000
957,0.200000
958,0.200000
959,0.200000
960,0.200000
961,0.200000
962,0.200000
963,0.200000
964,0.200000
965,0.200000
966,0.200000
967,0.200000
968,0.100000
969,0.200000
970,0.200000
971,0.200000
972,0.200000
973,0.200000
974,0.200000
975,0.300000
976,0.200000
977,0.100000
978,0.200000
979,0.200000
980,0.200000
981,0.200000
982,0.200000
983,0.200000
984,0.100000
985,0.200000
986,0.200000
987,0.200000
988,0.200000
989,0.200000
990,0.200000
991,0.200000
992,0.200000
993,0.200000
994,0.100000
995,0.200000
996,0.200000
997,0.200000
998,0.200000
999,0.200000
