0,6.400000
1,0.400000
2,0.300000
3,0.300000
4,0.300000
5,0.200000
6,0.200000
7,0.200000
8,0.300000
9,0.300000
10,0.200000
11,0.300000
12,0.300000
13,0.300000
14,0.200000
15,0.200000
16,0.300000
17,0.200000
18,0.300000
19,0.300000
20,0.200000
21,0.200000
22,0.200000
23,0.300000
24,0.300000
25,0.300000
26,0.300000
27,0.200000
28,0.200000
29,0.300000
30,0.300000
31,0.200000
32,0.300000
33,0.200000
34,0.200000
35,0.200000
36,0.200000
37,0.300000
38,0.300000
39,0.200000
40,0.300000
41,0.200000
42,0.200000
43,0.200000
44,0.300000
45,0.200000
46,0.300000
47,0.300000
48,0.300000
49,0.300000
50,0.300000
51,0.200000
52,0.300000
53,0.300000
54,0.300000
55,0.200000
56,0.300000
57,0.300000
58,0.200000
59,0.200000
60,0.300000
61,0.200000
62,0.200000
63,0.200000
64,0.200000
65,0.200000
66,0.200000
67,0.200000
68,0.200000
69,0.300000
70,0.300000
71,0.300000
72,0.200000
73,0.300000
74,0.200000
75,0.300000
76,0.200000
77,0.300000
78,0.300000
79,0.200000
80,0.300000
81,0.300000
82,0.200000
83,0.300000
84,0.300000
85,0.300000
86,0.300000
87,0.300000
88,0.200000
89,0.200000
90,0.300000
91,0.300000
92,0.300000
93,0.300000
94,0.200000
95,0.200000
96,0.300000
97,0.200000
98,0.300000
99,0.300000
100,0.300000
101,0.300000
102,0.200000
103,0.300000
104,0.200000
105,0.200000
106,0.300000
107,0.300000
108,0.300000
109,0.300000
110,0.200000
111,0.200000
112,0.200000
113,0.300000
114,0.200000
115,0.200000
116,0.200000
117,0.200000
118,0.300000
119,0.200000
120,0.200000
121,0.300000
122,0.200000
123,0.300000
124,0.300000
125,0.300000
126,0.700000
127,0.100000
128,0.100000
129,0.100000
130,0.100000
131,0.100000
132,0.100000
133,0.100000
134,0.100000
135,0.100000
136,0.100000
137,0.100000
138,0.100000
139,0.100000
140,0.100000
141,0.100000
142,0.100000
143,0.100000
144,0.100000
145,0.100000
146,0.100000
147,0.100000
148,0.100000
149,0.100000
150,0.100000
151,0.100000
152,0.100000
153,0.100000
154,0.100000
155,0.100000
156,0.100000
157,0.100000
158,0.100000
159,0.100000
160,0.100000
161,0.100000
162,0.100000
163,0.100000
164,0.100000
165,0.100000
166,0.100000
167,0.100000
168,0.100000
169,0.100000
170,0.100000
171,0.100000
172,0.100000
173,0.100000
174,0.100000
175,0.100000
176,0.100000
177,0.100000
178,0.100000
179,0.100000
180,0.100000
181,0.100000
182,0.100000
183,0.100000
184,0.100000
185,0.100000
186,0.200000
187,0.100000
188,0.100000
189,0.100000
190,0.100000
191,0.100000
192,0.100000
193,0.100000
194,0.200000
195,0.100000
196,0.200000
197,0.200000
198,0.100000
199,0.100000
200,0.100000
201,0.100000
202,0.100000
203,0.100000
204,0.100000
205,0.100000
206,0.100000
207,0.100000
208,0.100000
209,0.100000
210,0.100000
211,0.100000
212,0.100000
213,0.100000
214,0.100000
215,0.100000
216,0.100000
217,0.100000
218,0.100000
219,0.100000
220,0.100000
221,0.100000
222,0.100000
223,0.100000
224,0.100000
225,0.100000
226,0.100000
227,0.100000
228,0.100000
229,0.100000
230,0.100000
231,0.100000
232,0.100000
233,0.100000
234,0.100000
235,0.100000
236,0.100000
237,0.100000
238,0.100000
239,0.100000
240,0.100000
241,0.100000
242,0.100000
243,0.100000
244,0.100000
245,0.200000
246,0.100000
247,0.100000
248,0.100000
249,0.100000
250,0.100000
251,0.100000
252,0.100000
253,0.100000
254,0.100000
255,0.100000
256,0.100000
257,0.100000
258,0.100000
259,0.100000
260,0.100000
261,0.100000
262,0.100000
263,0.100000
264,0.100000
265,0.100000
266,0.100000
267,0.100000
268,0.100000
269,0.100000
270,0.100000
271,0.100000
272,0.200000
273,0.100000
274,0.100000
275,0.100000
276,0.200000
277,0.200000
278,0.100000
279,0.100000
280,0.100000
281,0.100000
282,0.100000
283,0.100000
284,0.100000
285,0.100000
286,0.100000
287,0.100000
288,0.100000
289,0.100000
290,0.100000
291,0.100000
292,0.100000
293,0.100000
294,0.100000
295,0.100000
296,0.100000
297,0.100000
298,0.100000
299,0.100000
300,0.100000
301,0.100000
302,0.100000
303,0.200000
304,0.100000
305,0.100000
306,0.100000
307,0.100000
308,0.100000
309,0.100000
310,0.100000
311,0.100000
312,0.100000
313,0.100000
314,0.100000
315,0.100000
316,0.100000
317,0.100000
318,0.100000
319,0.100000
320,0.100000
321,0.100000
322,0.100000
323,0.200000
324,0.200000
325,0.100000
326,0.100000
327,0.100000
328,0.200000
329,0.100000
330,0.100000
331,0.100000
332,0.100000
333,0.100000
334,0.100000
335,0.100000
336,0.100000
337,0.200000
338,0.100000
339,0.100000
340,0.100000
341,0.100000
342,0.100000
343,0.100000
344,0.100000
345,0.100000
346,0.100000
347,0.100000
348,0.100000
349,0.100000
350,0.100000
351,0.100000
352,0.100000
353,0.100000
354,0.100000
355,0.100000
356,0.100000
357,0.100000
358,0.100000
359,0.100000
360,0.100000
361,0.200000
362,0.100000
363,0.100000
364,0.100000
365,0.100000
366,0.100000
367,0.100000
368,0.100000
369,0.100000
370,0.100000
371,0.100000
372,0.100000
373,0.100000
374,0.100000
375,0.100000
376,0.100000
377,0.200000
378,0.100000
379,0.100000
380,0.100000
381,0.100000
382,0.100000
383,0.100000
384,0.100000
385,0.100000
386,0.100000
387,0.100000
388,0.100000
389,0.100000
390,0.100000
391,0.100000
392,0.100000
393,0.100000
394,0.100000
395,0.100000
396,0.100000
397,0.100000
398,0.100000
399,0.100000
400,0.100000
401,0.100000
402,0.100000
403,0.100000
404,0.100000
405,0.200000
406,0.100000
407,0.100000
408,0.100000
409,0.100000
410,0.100000
411,0.100000
412,0.100000
413,0.100000
414,0.100000
415,0.100000
416,0.100000
417,0.100000
418,0.100000
419,0.100000
420,0.100000
421,0.100000
422,0.100000
423,0.100000
424,0.100000
425,0.100000
426,0.100000
427,0.100000
428,0.100000
429,0.100000
430,0.100000
431,0.100000
432,0.100000
433,0.100000
434,0.100000
435,0.100000
436,0.100000
437,0.100000
438,0.100000
439,0.100000
440,0.100000
441,0.100000
442,0.100000
443,0.100000
444,0.100000
445,0.100000
446,0.100000
447,0.100000
448,0.100000
449,0.100000
450,0.100000
451,0.100000
452,0.100000
453,0.100000
454,0.100000
455,0.100000
456,0.100000
457,0.000000
458,0.100000
459,0.100000
460,0.100000
461,0.200000
462,0.100000
463,0.100000
464,0.100000
465,0.100000
466,0.100000
467,0.100000
468,0.100000
469,0.100000
470,0.100000
471,0.100000
472,0.100000
473,0.100000
474,0.100000
475,0.100000
476,0.100000
477,0.100000
478,0.100000
479,0.100000
480,0.100000
481,0.100000
482,0.100000
483,0.100000
484,0.100000
485,0.100000
486,0.100000
487,0.100000
488,0.100000
489,0.100000
490,0.100000
491,0.100000
492,0.100000
493,0.100000
494,0.100000
495,0.100000
496,0.100000
497,0.100000
498,0.100000
499,0.100000
